-1 -1 -1 -1 -1
-1 -1 -1 -1 2
-1 -1 -1 -1 5
-1 -1 -1 -1 10
-1 -1 -1 5 -1
-1 -1 -1 5 2
-1 -1 -1 5 5
-1 -1 -1 5 10
-1 -1 -1 15 -1
-1 -1 -1 15 2
-1 -1 -1 15 5
-1 -1 -1 15 10
-1 -1 -1 20 -1
-1 -1 -1 20 2
-1 -1 -1 20 5
-1 -1 -1 20 10
-1 -1 0.05 -1 -1
-1 -1 0.05 -1 2
-1 -1 0.05 -1 5
-1 -1 0.05 -1 10
-1 -1 0.05 5 -1
-1 -1 0.05 5 2
-1 -1 0.05 5 5
-1 -1 0.05 5 10
-1 -1 0.05 15 -1
-1 -1 0.05 15 2
-1 -1 0.05 15 5
-1 -1 0.05 15 10
-1 -1 0.05 20 -1
-1 -1 0.05 20 2
-1 -1 0.05 20 5
-1 -1 0.05 20 10
-1 -1 0.01 -1 -1
-1 -1 0.01 -1 2
-1 -1 0.01 -1 5
-1 -1 0.01 -1 10
-1 -1 0.01 5 -1
-1 -1 0.01 5 2
-1 -1 0.01 5 5
-1 -1 0.01 5 10
-1 -1 0.01 15 -1
-1 -1 0.01 15 2
-1 -1 0.01 15 5
-1 -1 0.01 15 10
-1 -1 0.01 20 -1
-1 -1 0.01 20 2
-1 -1 0.01 20 5
-1 -1 0.01 20 10
-1 -1 0.05 -1 -1
-1 -1 0.05 -1 2
-1 -1 0.05 -1 5
-1 -1 0.05 -1 10
-1 -1 0.05 5 -1
-1 -1 0.05 5 2
-1 -1 0.05 5 5
-1 -1 0.05 5 10
-1 -1 0.05 15 -1
-1 -1 0.05 15 2
-1 -1 0.05 15 5
-1 -1 0.05 15 10
-1 -1 0.05 20 -1
-1 -1 0.05 20 2
-1 -1 0.05 20 5
-1 -1 0.05 20 10
-1 -1 0.09 -1 -1
-1 -1 0.09 -1 2
-1 -1 0.09 -1 5
-1 -1 0.09 -1 10
-1 -1 0.09 5 -1
-1 -1 0.09 5 2
-1 -1 0.09 5 5
-1 -1 0.09 5 10
-1 -1 0.09 15 -1
-1 -1 0.09 15 2
-1 -1 0.09 15 5
-1 -1 0.09 15 10
-1 -1 0.09 20 -1
-1 -1 0.09 20 2
-1 -1 0.09 20 5
-1 -1 0.09 20 10
-1 -1 0.15 -1 -1
-1 -1 0.15 -1 2
-1 -1 0.15 -1 5
-1 -1 0.15 -1 10
-1 -1 0.15 5 -1
-1 -1 0.15 5 2
-1 -1 0.15 5 5
-1 -1 0.15 5 10
-1 -1 0.15 15 -1
-1 -1 0.15 15 2
-1 -1 0.15 15 5
-1 -1 0.15 15 10
-1 -1 0.15 20 -1
-1 -1 0.15 20 2
-1 -1 0.15 20 5
-1 -1 0.15 20 10
-1 0.03 -1 -1 -1
-1 0.03 -1 -1 2
-1 0.03 -1 -1 5
-1 0.03 -1 -1 10
-1 0.03 -1 5 -1
-1 0.03 -1 5 2
-1 0.03 -1 5 5
-1 0.03 -1 5 10
-1 0.03 -1 15 -1
-1 0.03 -1 15 2
-1 0.03 -1 15 5
-1 0.03 -1 15 10
-1 0.03 -1 20 -1
-1 0.03 -1 20 2
-1 0.03 -1 20 5
-1 0.03 -1 20 10
-1 0.03 0.05 -1 -1
-1 0.03 0.05 -1 2
-1 0.03 0.05 -1 5
-1 0.03 0.05 -1 10
-1 0.03 0.05 5 -1
-1 0.03 0.05 5 2
-1 0.03 0.05 5 5
-1 0.03 0.05 5 10
-1 0.03 0.05 15 -1
-1 0.03 0.05 15 2
-1 0.03 0.05 15 5
-1 0.03 0.05 15 10
-1 0.03 0.05 20 -1
-1 0.03 0.05 20 2
-1 0.03 0.05 20 5
-1 0.03 0.05 20 10
-1 0.03 0.01 -1 -1
-1 0.03 0.01 -1 2
-1 0.03 0.01 -1 5
-1 0.03 0.01 -1 10
-1 0.03 0.01 5 -1
-1 0.03 0.01 5 2
-1 0.03 0.01 5 5
-1 0.03 0.01 5 10
-1 0.03 0.01 15 -1
-1 0.03 0.01 15 2
-1 0.03 0.01 15 5
-1 0.03 0.01 15 10
-1 0.03 0.01 20 -1
-1 0.03 0.01 20 2
-1 0.03 0.01 20 5
-1 0.03 0.01 20 10
-1 0.03 0.05 -1 -1
-1 0.03 0.05 -1 2
-1 0.03 0.05 -1 5
-1 0.03 0.05 -1 10
-1 0.03 0.05 5 -1
-1 0.03 0.05 5 2
-1 0.03 0.05 5 5
-1 0.03 0.05 5 10
-1 0.03 0.05 15 -1
-1 0.03 0.05 15 2
-1 0.03 0.05 15 5
-1 0.03 0.05 15 10
-1 0.03 0.05 20 -1
-1 0.03 0.05 20 2
-1 0.03 0.05 20 5
-1 0.03 0.05 20 10
-1 0.03 0.09 -1 -1
-1 0.03 0.09 -1 2
-1 0.03 0.09 -1 5
-1 0.03 0.09 -1 10
-1 0.03 0.09 5 -1
-1 0.03 0.09 5 2
-1 0.03 0.09 5 5
-1 0.03 0.09 5 10
-1 0.03 0.09 15 -1
-1 0.03 0.09 15 2
-1 0.03 0.09 15 5
-1 0.03 0.09 15 10
-1 0.03 0.09 20 -1
-1 0.03 0.09 20 2
-1 0.03 0.09 20 5
-1 0.03 0.09 20 10
-1 0.03 0.15 -1 -1
-1 0.03 0.15 -1 2
-1 0.03 0.15 -1 5
-1 0.03 0.15 -1 10
-1 0.03 0.15 5 -1
-1 0.03 0.15 5 2
-1 0.03 0.15 5 5
-1 0.03 0.15 5 10
-1 0.03 0.15 15 -1
-1 0.03 0.15 15 2
-1 0.03 0.15 15 5
-1 0.03 0.15 15 10
-1 0.03 0.15 20 -1
-1 0.03 0.15 20 2
-1 0.03 0.15 20 5
-1 0.03 0.15 20 10
-1 0.07 -1 -1 -1
-1 0.07 -1 -1 2
-1 0.07 -1 -1 5
-1 0.07 -1 -1 10
-1 0.07 -1 5 -1
-1 0.07 -1 5 2
-1 0.07 -1 5 5
-1 0.07 -1 5 10
-1 0.07 -1 15 -1
-1 0.07 -1 15 2
-1 0.07 -1 15 5
-1 0.07 -1 15 10
-1 0.07 -1 20 -1
-1 0.07 -1 20 2
-1 0.07 -1 20 5
-1 0.07 -1 20 10
-1 0.07 0.05 -1 -1
-1 0.07 0.05 -1 2
-1 0.07 0.05 -1 5
-1 0.07 0.05 -1 10
-1 0.07 0.05 5 -1
-1 0.07 0.05 5 2
-1 0.07 0.05 5 5
-1 0.07 0.05 5 10
-1 0.07 0.05 15 -1
-1 0.07 0.05 15 2
-1 0.07 0.05 15 5
-1 0.07 0.05 15 10
-1 0.07 0.05 20 -1
-1 0.07 0.05 20 2
-1 0.07 0.05 20 5
-1 0.07 0.05 20 10
-1 0.07 0.01 -1 -1
-1 0.07 0.01 -1 2
-1 0.07 0.01 -1 5
-1 0.07 0.01 -1 10
-1 0.07 0.01 5 -1
-1 0.07 0.01 5 2
-1 0.07 0.01 5 5
-1 0.07 0.01 5 10
-1 0.07 0.01 15 -1
-1 0.07 0.01 15 2
-1 0.07 0.01 15 5
-1 0.07 0.01 15 10
-1 0.07 0.01 20 -1
-1 0.07 0.01 20 2
-1 0.07 0.01 20 5
-1 0.07 0.01 20 10
-1 0.07 0.05 -1 -1
-1 0.07 0.05 -1 2
-1 0.07 0.05 -1 5
-1 0.07 0.05 -1 10
-1 0.07 0.05 5 -1
-1 0.07 0.05 5 2
-1 0.07 0.05 5 5
-1 0.07 0.05 5 10
-1 0.07 0.05 15 -1
-1 0.07 0.05 15 2
-1 0.07 0.05 15 5
-1 0.07 0.05 15 10
-1 0.07 0.05 20 -1
-1 0.07 0.05 20 2
-1 0.07 0.05 20 5
-1 0.07 0.05 20 10
-1 0.07 0.09 -1 -1
-1 0.07 0.09 -1 2
-1 0.07 0.09 -1 5
-1 0.07 0.09 -1 10
-1 0.07 0.09 5 -1
-1 0.07 0.09 5 2
-1 0.07 0.09 5 5
-1 0.07 0.09 5 10
-1 0.07 0.09 15 -1
-1 0.07 0.09 15 2
-1 0.07 0.09 15 5
-1 0.07 0.09 15 10
-1 0.07 0.09 20 -1
-1 0.07 0.09 20 2
-1 0.07 0.09 20 5
-1 0.07 0.09 20 10
-1 0.07 0.15 -1 -1
-1 0.07 0.15 -1 2
-1 0.07 0.15 -1 5
-1 0.07 0.15 -1 10
-1 0.07 0.15 5 -1
-1 0.07 0.15 5 2
-1 0.07 0.15 5 5
-1 0.07 0.15 5 10
-1 0.07 0.15 15 -1
-1 0.07 0.15 15 2
-1 0.07 0.15 15 5
-1 0.07 0.15 15 10
-1 0.07 0.15 20 -1
-1 0.07 0.15 20 2
-1 0.07 0.15 20 5
-1 0.07 0.15 20 10
-1 0.1 -1 -1 -1
-1 0.1 -1 -1 2
-1 0.1 -1 -1 5
-1 0.1 -1 -1 10
-1 0.1 -1 5 -1
-1 0.1 -1 5 2
-1 0.1 -1 5 5
-1 0.1 -1 5 10
-1 0.1 -1 15 -1
-1 0.1 -1 15 2
-1 0.1 -1 15 5
-1 0.1 -1 15 10
-1 0.1 -1 20 -1
-1 0.1 -1 20 2
-1 0.1 -1 20 5
-1 0.1 -1 20 10
-1 0.1 0.05 -1 -1
-1 0.1 0.05 -1 2
-1 0.1 0.05 -1 5
-1 0.1 0.05 -1 10
-1 0.1 0.05 5 -1
-1 0.1 0.05 5 2
-1 0.1 0.05 5 5
-1 0.1 0.05 5 10
-1 0.1 0.05 15 -1
-1 0.1 0.05 15 2
-1 0.1 0.05 15 5
-1 0.1 0.05 15 10
-1 0.1 0.05 20 -1
-1 0.1 0.05 20 2
-1 0.1 0.05 20 5
-1 0.1 0.05 20 10
-1 0.1 0.01 -1 -1
-1 0.1 0.01 -1 2
-1 0.1 0.01 -1 5
-1 0.1 0.01 -1 10
-1 0.1 0.01 5 -1
-1 0.1 0.01 5 2
-1 0.1 0.01 5 5
-1 0.1 0.01 5 10
-1 0.1 0.01 15 -1
-1 0.1 0.01 15 2
-1 0.1 0.01 15 5
-1 0.1 0.01 15 10
-1 0.1 0.01 20 -1
-1 0.1 0.01 20 2
-1 0.1 0.01 20 5
-1 0.1 0.01 20 10
-1 0.1 0.05 -1 -1
-1 0.1 0.05 -1 2
-1 0.1 0.05 -1 5
-1 0.1 0.05 -1 10
-1 0.1 0.05 5 -1
-1 0.1 0.05 5 2
-1 0.1 0.05 5 5
-1 0.1 0.05 5 10
-1 0.1 0.05 15 -1
-1 0.1 0.05 15 2
-1 0.1 0.05 15 5
-1 0.1 0.05 15 10
-1 0.1 0.05 20 -1
-1 0.1 0.05 20 2
-1 0.1 0.05 20 5
-1 0.1 0.05 20 10
-1 0.1 0.09 -1 -1
-1 0.1 0.09 -1 2
-1 0.1 0.09 -1 5
-1 0.1 0.09 -1 10
-1 0.1 0.09 5 -1
-1 0.1 0.09 5 2
-1 0.1 0.09 5 5
-1 0.1 0.09 5 10
-1 0.1 0.09 15 -1
-1 0.1 0.09 15 2
-1 0.1 0.09 15 5
-1 0.1 0.09 15 10
-1 0.1 0.09 20 -1
-1 0.1 0.09 20 2
-1 0.1 0.09 20 5
-1 0.1 0.09 20 10
-1 0.1 0.15 -1 -1
-1 0.1 0.15 -1 2
-1 0.1 0.15 -1 5
-1 0.1 0.15 -1 10
-1 0.1 0.15 5 -1
-1 0.1 0.15 5 2
-1 0.1 0.15 5 5
-1 0.1 0.15 5 10
-1 0.1 0.15 15 -1
-1 0.1 0.15 15 2
-1 0.1 0.15 15 5
-1 0.1 0.15 15 10
-1 0.1 0.15 20 -1
-1 0.1 0.15 20 2
-1 0.1 0.15 20 5
-1 0.1 0.15 20 10
-1 0.2 -1 -1 -1
-1 0.2 -1 -1 2
-1 0.2 -1 -1 5
-1 0.2 -1 -1 10
-1 0.2 -1 5 -1
-1 0.2 -1 5 2
-1 0.2 -1 5 5
-1 0.2 -1 5 10
-1 0.2 -1 15 -1
-1 0.2 -1 15 2
-1 0.2 -1 15 5
-1 0.2 -1 15 10
-1 0.2 -1 20 -1
-1 0.2 -1 20 2
-1 0.2 -1 20 5
-1 0.2 -1 20 10
-1 0.2 0.05 -1 -1
-1 0.2 0.05 -1 2
-1 0.2 0.05 -1 5
-1 0.2 0.05 -1 10
-1 0.2 0.05 5 -1
-1 0.2 0.05 5 2
-1 0.2 0.05 5 5
-1 0.2 0.05 5 10
-1 0.2 0.05 15 -1
-1 0.2 0.05 15 2
-1 0.2 0.05 15 5
-1 0.2 0.05 15 10
-1 0.2 0.05 20 -1
-1 0.2 0.05 20 2
-1 0.2 0.05 20 5
-1 0.2 0.05 20 10
-1 0.2 0.01 -1 -1
-1 0.2 0.01 -1 2
-1 0.2 0.01 -1 5
-1 0.2 0.01 -1 10
-1 0.2 0.01 5 -1
-1 0.2 0.01 5 2
-1 0.2 0.01 5 5
-1 0.2 0.01 5 10
-1 0.2 0.01 15 -1
-1 0.2 0.01 15 2
-1 0.2 0.01 15 5
-1 0.2 0.01 15 10
-1 0.2 0.01 20 -1
-1 0.2 0.01 20 2
-1 0.2 0.01 20 5
-1 0.2 0.01 20 10
-1 0.2 0.05 -1 -1
-1 0.2 0.05 -1 2
-1 0.2 0.05 -1 5
-1 0.2 0.05 -1 10
-1 0.2 0.05 5 -1
-1 0.2 0.05 5 2
-1 0.2 0.05 5 5
-1 0.2 0.05 5 10
-1 0.2 0.05 15 -1
-1 0.2 0.05 15 2
-1 0.2 0.05 15 5
-1 0.2 0.05 15 10
-1 0.2 0.05 20 -1
-1 0.2 0.05 20 2
-1 0.2 0.05 20 5
-1 0.2 0.05 20 10
-1 0.2 0.09 -1 -1
-1 0.2 0.09 -1 2
-1 0.2 0.09 -1 5
-1 0.2 0.09 -1 10
-1 0.2 0.09 5 -1
-1 0.2 0.09 5 2
-1 0.2 0.09 5 5
-1 0.2 0.09 5 10
-1 0.2 0.09 15 -1
-1 0.2 0.09 15 2
-1 0.2 0.09 15 5
-1 0.2 0.09 15 10
-1 0.2 0.09 20 -1
-1 0.2 0.09 20 2
-1 0.2 0.09 20 5
-1 0.2 0.09 20 10
-1 0.2 0.15 -1 -1
-1 0.2 0.15 -1 2
-1 0.2 0.15 -1 5
-1 0.2 0.15 -1 10
-1 0.2 0.15 5 -1
-1 0.2 0.15 5 2
-1 0.2 0.15 5 5
-1 0.2 0.15 5 10
-1 0.2 0.15 15 -1
-1 0.2 0.15 15 2
-1 0.2 0.15 15 5
-1 0.2 0.15 15 10
-1 0.2 0.15 20 -1
-1 0.2 0.15 20 2
-1 0.2 0.15 20 5
-1 0.2 0.15 20 10
0.001 -1 -1 -1 -1
0.001 -1 -1 -1 2
0.001 -1 -1 -1 5
0.001 -1 -1 -1 10
0.001 -1 -1 5 -1
0.001 -1 -1 5 2
0.001 -1 -1 5 5
0.001 -1 -1 5 10
0.001 -1 -1 15 -1
0.001 -1 -1 15 2
0.001 -1 -1 15 5
0.001 -1 -1 15 10
0.001 -1 -1 20 -1
0.001 -1 -1 20 2
0.001 -1 -1 20 5
0.001 -1 -1 20 10
0.001 -1 0.05 -1 -1
0.001 -1 0.05 -1 2
0.001 -1 0.05 -1 5
0.001 -1 0.05 -1 10
0.001 -1 0.05 5 -1
0.001 -1 0.05 5 2
0.001 -1 0.05 5 5
0.001 -1 0.05 5 10
0.001 -1 0.05 15 -1
0.001 -1 0.05 15 2
0.001 -1 0.05 15 5
0.001 -1 0.05 15 10
0.001 -1 0.05 20 -1
0.001 -1 0.05 20 2
0.001 -1 0.05 20 5
0.001 -1 0.05 20 10
0.001 -1 0.01 -1 -1
0.001 -1 0.01 -1 2
0.001 -1 0.01 -1 5
0.001 -1 0.01 -1 10
0.001 -1 0.01 5 -1
0.001 -1 0.01 5 2
0.001 -1 0.01 5 5
0.001 -1 0.01 5 10
0.001 -1 0.01 15 -1
0.001 -1 0.01 15 2
0.001 -1 0.01 15 5
0.001 -1 0.01 15 10
0.001 -1 0.01 20 -1
0.001 -1 0.01 20 2
0.001 -1 0.01 20 5
0.001 -1 0.01 20 10
0.001 -1 0.05 -1 -1
0.001 -1 0.05 -1 2
0.001 -1 0.05 -1 5
0.001 -1 0.05 -1 10
0.001 -1 0.05 5 -1
0.001 -1 0.05 5 2
0.001 -1 0.05 5 5
0.001 -1 0.05 5 10
0.001 -1 0.05 15 -1
0.001 -1 0.05 15 2
0.001 -1 0.05 15 5
0.001 -1 0.05 15 10
0.001 -1 0.05 20 -1
0.001 -1 0.05 20 2
0.001 -1 0.05 20 5
0.001 -1 0.05 20 10
0.001 -1 0.09 -1 -1
0.001 -1 0.09 -1 2
0.001 -1 0.09 -1 5
0.001 -1 0.09 -1 10
0.001 -1 0.09 5 -1
0.001 -1 0.09 5 2
0.001 -1 0.09 5 5
0.001 -1 0.09 5 10
0.001 -1 0.09 15 -1
0.001 -1 0.09 15 2
0.001 -1 0.09 15 5
0.001 -1 0.09 15 10
0.001 -1 0.09 20 -1
0.001 -1 0.09 20 2
0.001 -1 0.09 20 5
0.001 -1 0.09 20 10
0.001 -1 0.15 -1 -1
0.001 -1 0.15 -1 2
0.001 -1 0.15 -1 5
0.001 -1 0.15 -1 10
0.001 -1 0.15 5 -1
0.001 -1 0.15 5 2
0.001 -1 0.15 5 5
0.001 -1 0.15 5 10
0.001 -1 0.15 15 -1
0.001 -1 0.15 15 2
0.001 -1 0.15 15 5
0.001 -1 0.15 15 10
0.001 -1 0.15 20 -1
0.001 -1 0.15 20 2
0.001 -1 0.15 20 5
0.001 -1 0.15 20 10
0.001 0.03 -1 -1 -1
0.001 0.03 -1 -1 2
0.001 0.03 -1 -1 5
0.001 0.03 -1 -1 10
0.001 0.03 -1 5 -1
0.001 0.03 -1 5 2
0.001 0.03 -1 5 5
0.001 0.03 -1 5 10
0.001 0.03 -1 15 -1
0.001 0.03 -1 15 2
0.001 0.03 -1 15 5
0.001 0.03 -1 15 10
0.001 0.03 -1 20 -1
0.001 0.03 -1 20 2
0.001 0.03 -1 20 5
0.001 0.03 -1 20 10
0.001 0.03 0.05 -1 -1
0.001 0.03 0.05 -1 2
0.001 0.03 0.05 -1 5
0.001 0.03 0.05 -1 10
0.001 0.03 0.05 5 -1
0.001 0.03 0.05 5 2
0.001 0.03 0.05 5 5
0.001 0.03 0.05 5 10
0.001 0.03 0.05 15 -1
0.001 0.03 0.05 15 2
0.001 0.03 0.05 15 5
0.001 0.03 0.05 15 10
0.001 0.03 0.05 20 -1
0.001 0.03 0.05 20 2
0.001 0.03 0.05 20 5
0.001 0.03 0.05 20 10
0.001 0.03 0.01 -1 -1
0.001 0.03 0.01 -1 2
0.001 0.03 0.01 -1 5
0.001 0.03 0.01 -1 10
0.001 0.03 0.01 5 -1
0.001 0.03 0.01 5 2
0.001 0.03 0.01 5 5
0.001 0.03 0.01 5 10
0.001 0.03 0.01 15 -1
0.001 0.03 0.01 15 2
0.001 0.03 0.01 15 5
0.001 0.03 0.01 15 10
0.001 0.03 0.01 20 -1
0.001 0.03 0.01 20 2
0.001 0.03 0.01 20 5
0.001 0.03 0.01 20 10
0.001 0.03 0.05 -1 -1
0.001 0.03 0.05 -1 2
0.001 0.03 0.05 -1 5
0.001 0.03 0.05 -1 10
0.001 0.03 0.05 5 -1
0.001 0.03 0.05 5 2
0.001 0.03 0.05 5 5
0.001 0.03 0.05 5 10
0.001 0.03 0.05 15 -1
0.001 0.03 0.05 15 2
0.001 0.03 0.05 15 5
0.001 0.03 0.05 15 10
0.001 0.03 0.05 20 -1
0.001 0.03 0.05 20 2
0.001 0.03 0.05 20 5
0.001 0.03 0.05 20 10
0.001 0.03 0.09 -1 -1
0.001 0.03 0.09 -1 2
0.001 0.03 0.09 -1 5
0.001 0.03 0.09 -1 10
0.001 0.03 0.09 5 -1
0.001 0.03 0.09 5 2
0.001 0.03 0.09 5 5
0.001 0.03 0.09 5 10
0.001 0.03 0.09 15 -1
0.001 0.03 0.09 15 2
0.001 0.03 0.09 15 5
0.001 0.03 0.09 15 10
0.001 0.03 0.09 20 -1
0.001 0.03 0.09 20 2
0.001 0.03 0.09 20 5
0.001 0.03 0.09 20 10
0.001 0.03 0.15 -1 -1
0.001 0.03 0.15 -1 2
0.001 0.03 0.15 -1 5
0.001 0.03 0.15 -1 10
0.001 0.03 0.15 5 -1
0.001 0.03 0.15 5 2
0.001 0.03 0.15 5 5
0.001 0.03 0.15 5 10
0.001 0.03 0.15 15 -1
0.001 0.03 0.15 15 2
0.001 0.03 0.15 15 5
0.001 0.03 0.15 15 10
0.001 0.03 0.15 20 -1
0.001 0.03 0.15 20 2
0.001 0.03 0.15 20 5
0.001 0.03 0.15 20 10
0.001 0.07 -1 -1 -1
0.001 0.07 -1 -1 2
0.001 0.07 -1 -1 5
0.001 0.07 -1 -1 10
0.001 0.07 -1 5 -1
0.001 0.07 -1 5 2
0.001 0.07 -1 5 5
0.001 0.07 -1 5 10
0.001 0.07 -1 15 -1
0.001 0.07 -1 15 2
0.001 0.07 -1 15 5
0.001 0.07 -1 15 10
0.001 0.07 -1 20 -1
0.001 0.07 -1 20 2
0.001 0.07 -1 20 5
0.001 0.07 -1 20 10
0.001 0.07 0.05 -1 -1
0.001 0.07 0.05 -1 2
0.001 0.07 0.05 -1 5
0.001 0.07 0.05 -1 10
0.001 0.07 0.05 5 -1
0.001 0.07 0.05 5 2
0.001 0.07 0.05 5 5
0.001 0.07 0.05 5 10
0.001 0.07 0.05 15 -1
0.001 0.07 0.05 15 2
0.001 0.07 0.05 15 5
0.001 0.07 0.05 15 10
0.001 0.07 0.05 20 -1
0.001 0.07 0.05 20 2
0.001 0.07 0.05 20 5
0.001 0.07 0.05 20 10
0.001 0.07 0.01 -1 -1
0.001 0.07 0.01 -1 2
0.001 0.07 0.01 -1 5
0.001 0.07 0.01 -1 10
0.001 0.07 0.01 5 -1
0.001 0.07 0.01 5 2
0.001 0.07 0.01 5 5
0.001 0.07 0.01 5 10
0.001 0.07 0.01 15 -1
0.001 0.07 0.01 15 2
0.001 0.07 0.01 15 5
0.001 0.07 0.01 15 10
0.001 0.07 0.01 20 -1
0.001 0.07 0.01 20 2
0.001 0.07 0.01 20 5
0.001 0.07 0.01 20 10
0.001 0.07 0.05 -1 -1
0.001 0.07 0.05 -1 2
0.001 0.07 0.05 -1 5
0.001 0.07 0.05 -1 10
0.001 0.07 0.05 5 -1
0.001 0.07 0.05 5 2
0.001 0.07 0.05 5 5
0.001 0.07 0.05 5 10
0.001 0.07 0.05 15 -1
0.001 0.07 0.05 15 2
0.001 0.07 0.05 15 5
0.001 0.07 0.05 15 10
0.001 0.07 0.05 20 -1
0.001 0.07 0.05 20 2
0.001 0.07 0.05 20 5
0.001 0.07 0.05 20 10
0.001 0.07 0.09 -1 -1
0.001 0.07 0.09 -1 2
0.001 0.07 0.09 -1 5
0.001 0.07 0.09 -1 10
0.001 0.07 0.09 5 -1
0.001 0.07 0.09 5 2
0.001 0.07 0.09 5 5
0.001 0.07 0.09 5 10
0.001 0.07 0.09 15 -1
0.001 0.07 0.09 15 2
0.001 0.07 0.09 15 5
0.001 0.07 0.09 15 10
0.001 0.07 0.09 20 -1
0.001 0.07 0.09 20 2
0.001 0.07 0.09 20 5
0.001 0.07 0.09 20 10
0.001 0.07 0.15 -1 -1
0.001 0.07 0.15 -1 2
0.001 0.07 0.15 -1 5
0.001 0.07 0.15 -1 10
0.001 0.07 0.15 5 -1
0.001 0.07 0.15 5 2
0.001 0.07 0.15 5 5
0.001 0.07 0.15 5 10
0.001 0.07 0.15 15 -1
0.001 0.07 0.15 15 2
0.001 0.07 0.15 15 5
0.001 0.07 0.15 15 10
0.001 0.07 0.15 20 -1
0.001 0.07 0.15 20 2
0.001 0.07 0.15 20 5
0.001 0.07 0.15 20 10
0.001 0.1 -1 -1 -1
0.001 0.1 -1 -1 2
0.001 0.1 -1 -1 5
0.001 0.1 -1 -1 10
0.001 0.1 -1 5 -1
0.001 0.1 -1 5 2
0.001 0.1 -1 5 5
0.001 0.1 -1 5 10
0.001 0.1 -1 15 -1
0.001 0.1 -1 15 2
0.001 0.1 -1 15 5
0.001 0.1 -1 15 10
0.001 0.1 -1 20 -1
0.001 0.1 -1 20 2
0.001 0.1 -1 20 5
0.001 0.1 -1 20 10
0.001 0.1 0.05 -1 -1
0.001 0.1 0.05 -1 2
0.001 0.1 0.05 -1 5
0.001 0.1 0.05 -1 10
0.001 0.1 0.05 5 -1
0.001 0.1 0.05 5 2
0.001 0.1 0.05 5 5
0.001 0.1 0.05 5 10
0.001 0.1 0.05 15 -1
0.001 0.1 0.05 15 2
0.001 0.1 0.05 15 5
0.001 0.1 0.05 15 10
0.001 0.1 0.05 20 -1
0.001 0.1 0.05 20 2
0.001 0.1 0.05 20 5
0.001 0.1 0.05 20 10
0.001 0.1 0.01 -1 -1
0.001 0.1 0.01 -1 2
0.001 0.1 0.01 -1 5
0.001 0.1 0.01 -1 10
0.001 0.1 0.01 5 -1
0.001 0.1 0.01 5 2
0.001 0.1 0.01 5 5
0.001 0.1 0.01 5 10
0.001 0.1 0.01 15 -1
0.001 0.1 0.01 15 2
0.001 0.1 0.01 15 5
0.001 0.1 0.01 15 10
0.001 0.1 0.01 20 -1
0.001 0.1 0.01 20 2
0.001 0.1 0.01 20 5
0.001 0.1 0.01 20 10
0.001 0.1 0.05 -1 -1
0.001 0.1 0.05 -1 2
0.001 0.1 0.05 -1 5
0.001 0.1 0.05 -1 10
0.001 0.1 0.05 5 -1
0.001 0.1 0.05 5 2
0.001 0.1 0.05 5 5
0.001 0.1 0.05 5 10
0.001 0.1 0.05 15 -1
0.001 0.1 0.05 15 2
0.001 0.1 0.05 15 5
0.001 0.1 0.05 15 10
0.001 0.1 0.05 20 -1
0.001 0.1 0.05 20 2
0.001 0.1 0.05 20 5
0.001 0.1 0.05 20 10
0.001 0.1 0.09 -1 -1
0.001 0.1 0.09 -1 2
0.001 0.1 0.09 -1 5
0.001 0.1 0.09 -1 10
0.001 0.1 0.09 5 -1
0.001 0.1 0.09 5 2
0.001 0.1 0.09 5 5
0.001 0.1 0.09 5 10
0.001 0.1 0.09 15 -1
0.001 0.1 0.09 15 2
0.001 0.1 0.09 15 5
0.001 0.1 0.09 15 10
0.001 0.1 0.09 20 -1
0.001 0.1 0.09 20 2
0.001 0.1 0.09 20 5
0.001 0.1 0.09 20 10
0.001 0.1 0.15 -1 -1
0.001 0.1 0.15 -1 2
0.001 0.1 0.15 -1 5
0.001 0.1 0.15 -1 10
0.001 0.1 0.15 5 -1
0.001 0.1 0.15 5 2
0.001 0.1 0.15 5 5
0.001 0.1 0.15 5 10
0.001 0.1 0.15 15 -1
0.001 0.1 0.15 15 2
0.001 0.1 0.15 15 5
0.001 0.1 0.15 15 10
0.001 0.1 0.15 20 -1
0.001 0.1 0.15 20 2
0.001 0.1 0.15 20 5
0.001 0.1 0.15 20 10
0.001 0.2 -1 -1 -1
0.001 0.2 -1 -1 2
0.001 0.2 -1 -1 5
0.001 0.2 -1 -1 10
0.001 0.2 -1 5 -1
0.001 0.2 -1 5 2
0.001 0.2 -1 5 5
0.001 0.2 -1 5 10
0.001 0.2 -1 15 -1
0.001 0.2 -1 15 2
0.001 0.2 -1 15 5
0.001 0.2 -1 15 10
0.001 0.2 -1 20 -1
0.001 0.2 -1 20 2
0.001 0.2 -1 20 5
0.001 0.2 -1 20 10
0.001 0.2 0.05 -1 -1
0.001 0.2 0.05 -1 2
0.001 0.2 0.05 -1 5
0.001 0.2 0.05 -1 10
0.001 0.2 0.05 5 -1
0.001 0.2 0.05 5 2
0.001 0.2 0.05 5 5
0.001 0.2 0.05 5 10
0.001 0.2 0.05 15 -1
0.001 0.2 0.05 15 2
0.001 0.2 0.05 15 5
0.001 0.2 0.05 15 10
0.001 0.2 0.05 20 -1
0.001 0.2 0.05 20 2
0.001 0.2 0.05 20 5
0.001 0.2 0.05 20 10
0.001 0.2 0.01 -1 -1
0.001 0.2 0.01 -1 2
0.001 0.2 0.01 -1 5
0.001 0.2 0.01 -1 10
0.001 0.2 0.01 5 -1
0.001 0.2 0.01 5 2
0.001 0.2 0.01 5 5
0.001 0.2 0.01 5 10
0.001 0.2 0.01 15 -1
0.001 0.2 0.01 15 2
0.001 0.2 0.01 15 5
0.001 0.2 0.01 15 10
0.001 0.2 0.01 20 -1
0.001 0.2 0.01 20 2
0.001 0.2 0.01 20 5
0.001 0.2 0.01 20 10
0.001 0.2 0.05 -1 -1
0.001 0.2 0.05 -1 2
0.001 0.2 0.05 -1 5
0.001 0.2 0.05 -1 10
0.001 0.2 0.05 5 -1
0.001 0.2 0.05 5 2
0.001 0.2 0.05 5 5
0.001 0.2 0.05 5 10
0.001 0.2 0.05 15 -1
0.001 0.2 0.05 15 2
0.001 0.2 0.05 15 5
0.001 0.2 0.05 15 10
0.001 0.2 0.05 20 -1
0.001 0.2 0.05 20 2
0.001 0.2 0.05 20 5
0.001 0.2 0.05 20 10
0.001 0.2 0.09 -1 -1
0.001 0.2 0.09 -1 2
0.001 0.2 0.09 -1 5
0.001 0.2 0.09 -1 10
0.001 0.2 0.09 5 -1
0.001 0.2 0.09 5 2
0.001 0.2 0.09 5 5
0.001 0.2 0.09 5 10
0.001 0.2 0.09 15 -1
0.001 0.2 0.09 15 2
0.001 0.2 0.09 15 5
0.001 0.2 0.09 15 10
0.001 0.2 0.09 20 -1
0.001 0.2 0.09 20 2
0.001 0.2 0.09 20 5
0.001 0.2 0.09 20 10
0.001 0.2 0.15 -1 -1
0.001 0.2 0.15 -1 2
0.001 0.2 0.15 -1 5
0.001 0.2 0.15 -1 10
0.001 0.2 0.15 5 -1
0.001 0.2 0.15 5 2
0.001 0.2 0.15 5 5
0.001 0.2 0.15 5 10
0.001 0.2 0.15 15 -1
0.001 0.2 0.15 15 2
0.001 0.2 0.15 15 5
0.001 0.2 0.15 15 10
0.001 0.2 0.15 20 -1
0.001 0.2 0.15 20 2
0.001 0.2 0.15 20 5
0.001 0.2 0.15 20 10
0.01 -1 -1 -1 -1
0.01 -1 -1 -1 2
0.01 -1 -1 -1 5
0.01 -1 -1 -1 10
0.01 -1 -1 5 -1
0.01 -1 -1 5 2
0.01 -1 -1 5 5
0.01 -1 -1 5 10
0.01 -1 -1 15 -1
0.01 -1 -1 15 2
0.01 -1 -1 15 5
0.01 -1 -1 15 10
0.01 -1 -1 20 -1
0.01 -1 -1 20 2
0.01 -1 -1 20 5
0.01 -1 -1 20 10
0.01 -1 0.05 -1 -1
0.01 -1 0.05 -1 2
0.01 -1 0.05 -1 5
0.01 -1 0.05 -1 10
0.01 -1 0.05 5 -1
0.01 -1 0.05 5 2
0.01 -1 0.05 5 5
0.01 -1 0.05 5 10
0.01 -1 0.05 15 -1
0.01 -1 0.05 15 2
0.01 -1 0.05 15 5
0.01 -1 0.05 15 10
0.01 -1 0.05 20 -1
0.01 -1 0.05 20 2
0.01 -1 0.05 20 5
0.01 -1 0.05 20 10
0.01 -1 0.01 -1 -1
0.01 -1 0.01 -1 2
0.01 -1 0.01 -1 5
0.01 -1 0.01 -1 10
0.01 -1 0.01 5 -1
0.01 -1 0.01 5 2
0.01 -1 0.01 5 5
0.01 -1 0.01 5 10
0.01 -1 0.01 15 -1
0.01 -1 0.01 15 2
0.01 -1 0.01 15 5
0.01 -1 0.01 15 10
0.01 -1 0.01 20 -1
0.01 -1 0.01 20 2
0.01 -1 0.01 20 5
0.01 -1 0.01 20 10
0.01 -1 0.05 -1 -1
0.01 -1 0.05 -1 2
0.01 -1 0.05 -1 5
0.01 -1 0.05 -1 10
0.01 -1 0.05 5 -1
0.01 -1 0.05 5 2
0.01 -1 0.05 5 5
0.01 -1 0.05 5 10
0.01 -1 0.05 15 -1
0.01 -1 0.05 15 2
0.01 -1 0.05 15 5
0.01 -1 0.05 15 10
0.01 -1 0.05 20 -1
0.01 -1 0.05 20 2
0.01 -1 0.05 20 5
0.01 -1 0.05 20 10
0.01 -1 0.09 -1 -1
0.01 -1 0.09 -1 2
0.01 -1 0.09 -1 5
0.01 -1 0.09 -1 10
0.01 -1 0.09 5 -1
0.01 -1 0.09 5 2
0.01 -1 0.09 5 5
0.01 -1 0.09 5 10
0.01 -1 0.09 15 -1
0.01 -1 0.09 15 2
0.01 -1 0.09 15 5
0.01 -1 0.09 15 10
0.01 -1 0.09 20 -1
0.01 -1 0.09 20 2
0.01 -1 0.09 20 5
0.01 -1 0.09 20 10
0.01 -1 0.15 -1 -1
0.01 -1 0.15 -1 2
0.01 -1 0.15 -1 5
0.01 -1 0.15 -1 10
0.01 -1 0.15 5 -1
0.01 -1 0.15 5 2
0.01 -1 0.15 5 5
0.01 -1 0.15 5 10
0.01 -1 0.15 15 -1
0.01 -1 0.15 15 2
0.01 -1 0.15 15 5
0.01 -1 0.15 15 10
0.01 -1 0.15 20 -1
0.01 -1 0.15 20 2
0.01 -1 0.15 20 5
0.01 -1 0.15 20 10
0.01 0.03 -1 -1 -1
0.01 0.03 -1 -1 2
0.01 0.03 -1 -1 5
0.01 0.03 -1 -1 10
0.01 0.03 -1 5 -1
0.01 0.03 -1 5 2
0.01 0.03 -1 5 5
0.01 0.03 -1 5 10
0.01 0.03 -1 15 -1
0.01 0.03 -1 15 2
0.01 0.03 -1 15 5
0.01 0.03 -1 15 10
0.01 0.03 -1 20 -1
0.01 0.03 -1 20 2
0.01 0.03 -1 20 5
0.01 0.03 -1 20 10
0.01 0.03 0.05 -1 -1
0.01 0.03 0.05 -1 2
0.01 0.03 0.05 -1 5
0.01 0.03 0.05 -1 10
0.01 0.03 0.05 5 -1
0.01 0.03 0.05 5 2
0.01 0.03 0.05 5 5
0.01 0.03 0.05 5 10
0.01 0.03 0.05 15 -1
0.01 0.03 0.05 15 2
0.01 0.03 0.05 15 5
0.01 0.03 0.05 15 10
0.01 0.03 0.05 20 -1
0.01 0.03 0.05 20 2
0.01 0.03 0.05 20 5
0.01 0.03 0.05 20 10
0.01 0.03 0.01 -1 -1
0.01 0.03 0.01 -1 2
0.01 0.03 0.01 -1 5
0.01 0.03 0.01 -1 10
0.01 0.03 0.01 5 -1
0.01 0.03 0.01 5 2
0.01 0.03 0.01 5 5
0.01 0.03 0.01 5 10
0.01 0.03 0.01 15 -1
0.01 0.03 0.01 15 2
0.01 0.03 0.01 15 5
0.01 0.03 0.01 15 10
0.01 0.03 0.01 20 -1
0.01 0.03 0.01 20 2
0.01 0.03 0.01 20 5
0.01 0.03 0.01 20 10
0.01 0.03 0.05 -1 -1
0.01 0.03 0.05 -1 2
0.01 0.03 0.05 -1 5
0.01 0.03 0.05 -1 10
0.01 0.03 0.05 5 -1
0.01 0.03 0.05 5 2
0.01 0.03 0.05 5 5
0.01 0.03 0.05 5 10
0.01 0.03 0.05 15 -1
0.01 0.03 0.05 15 2
0.01 0.03 0.05 15 5
0.01 0.03 0.05 15 10
0.01 0.03 0.05 20 -1
0.01 0.03 0.05 20 2
0.01 0.03 0.05 20 5
0.01 0.03 0.05 20 10
0.01 0.03 0.09 -1 -1
0.01 0.03 0.09 -1 2
0.01 0.03 0.09 -1 5
0.01 0.03 0.09 -1 10
0.01 0.03 0.09 5 -1
0.01 0.03 0.09 5 2
0.01 0.03 0.09 5 5
0.01 0.03 0.09 5 10
0.01 0.03 0.09 15 -1
0.01 0.03 0.09 15 2
0.01 0.03 0.09 15 5
0.01 0.03 0.09 15 10
0.01 0.03 0.09 20 -1
0.01 0.03 0.09 20 2
0.01 0.03 0.09 20 5
0.01 0.03 0.09 20 10
0.01 0.03 0.15 -1 -1
0.01 0.03 0.15 -1 2
0.01 0.03 0.15 -1 5
0.01 0.03 0.15 -1 10
0.01 0.03 0.15 5 -1
0.01 0.03 0.15 5 2
0.01 0.03 0.15 5 5
0.01 0.03 0.15 5 10
0.01 0.03 0.15 15 -1
0.01 0.03 0.15 15 2
0.01 0.03 0.15 15 5
0.01 0.03 0.15 15 10
0.01 0.03 0.15 20 -1
0.01 0.03 0.15 20 2
0.01 0.03 0.15 20 5
0.01 0.03 0.15 20 10
0.01 0.07 -1 -1 -1
0.01 0.07 -1 -1 2
0.01 0.07 -1 -1 5
0.01 0.07 -1 -1 10
0.01 0.07 -1 5 -1
0.01 0.07 -1 5 2
0.01 0.07 -1 5 5
0.01 0.07 -1 5 10
0.01 0.07 -1 15 -1
0.01 0.07 -1 15 2
0.01 0.07 -1 15 5
0.01 0.07 -1 15 10
0.01 0.07 -1 20 -1
0.01 0.07 -1 20 2
0.01 0.07 -1 20 5
0.01 0.07 -1 20 10
0.01 0.07 0.05 -1 -1
0.01 0.07 0.05 -1 2
0.01 0.07 0.05 -1 5
0.01 0.07 0.05 -1 10
0.01 0.07 0.05 5 -1
0.01 0.07 0.05 5 2
0.01 0.07 0.05 5 5
0.01 0.07 0.05 5 10
0.01 0.07 0.05 15 -1
0.01 0.07 0.05 15 2
0.01 0.07 0.05 15 5
0.01 0.07 0.05 15 10
0.01 0.07 0.05 20 -1
0.01 0.07 0.05 20 2
0.01 0.07 0.05 20 5
0.01 0.07 0.05 20 10
0.01 0.07 0.01 -1 -1
0.01 0.07 0.01 -1 2
0.01 0.07 0.01 -1 5
0.01 0.07 0.01 -1 10
0.01 0.07 0.01 5 -1
0.01 0.07 0.01 5 2
0.01 0.07 0.01 5 5
0.01 0.07 0.01 5 10
0.01 0.07 0.01 15 -1
0.01 0.07 0.01 15 2
0.01 0.07 0.01 15 5
0.01 0.07 0.01 15 10
0.01 0.07 0.01 20 -1
0.01 0.07 0.01 20 2
0.01 0.07 0.01 20 5
0.01 0.07 0.01 20 10
0.01 0.07 0.05 -1 -1
0.01 0.07 0.05 -1 2
0.01 0.07 0.05 -1 5
0.01 0.07 0.05 -1 10
0.01 0.07 0.05 5 -1
0.01 0.07 0.05 5 2
0.01 0.07 0.05 5 5
0.01 0.07 0.05 5 10
0.01 0.07 0.05 15 -1
0.01 0.07 0.05 15 2
0.01 0.07 0.05 15 5
0.01 0.07 0.05 15 10
0.01 0.07 0.05 20 -1
0.01 0.07 0.05 20 2
0.01 0.07 0.05 20 5
0.01 0.07 0.05 20 10
0.01 0.07 0.09 -1 -1
0.01 0.07 0.09 -1 2
0.01 0.07 0.09 -1 5
0.01 0.07 0.09 -1 10
0.01 0.07 0.09 5 -1
0.01 0.07 0.09 5 2
0.01 0.07 0.09 5 5
0.01 0.07 0.09 5 10
0.01 0.07 0.09 15 -1
0.01 0.07 0.09 15 2
0.01 0.07 0.09 15 5
0.01 0.07 0.09 15 10
0.01 0.07 0.09 20 -1
0.01 0.07 0.09 20 2
0.01 0.07 0.09 20 5
0.01 0.07 0.09 20 10
0.01 0.07 0.15 -1 -1
0.01 0.07 0.15 -1 2
0.01 0.07 0.15 -1 5
0.01 0.07 0.15 -1 10
0.01 0.07 0.15 5 -1
0.01 0.07 0.15 5 2
0.01 0.07 0.15 5 5
0.01 0.07 0.15 5 10
0.01 0.07 0.15 15 -1
0.01 0.07 0.15 15 2
0.01 0.07 0.15 15 5
0.01 0.07 0.15 15 10
0.01 0.07 0.15 20 -1
0.01 0.07 0.15 20 2
0.01 0.07 0.15 20 5
0.01 0.07 0.15 20 10
0.01 0.1 -1 -1 -1
0.01 0.1 -1 -1 2
0.01 0.1 -1 -1 5
0.01 0.1 -1 -1 10
0.01 0.1 -1 5 -1
0.01 0.1 -1 5 2
0.01 0.1 -1 5 5
0.01 0.1 -1 5 10
0.01 0.1 -1 15 -1
0.01 0.1 -1 15 2
0.01 0.1 -1 15 5
0.01 0.1 -1 15 10
0.01 0.1 -1 20 -1
0.01 0.1 -1 20 2
0.01 0.1 -1 20 5
0.01 0.1 -1 20 10
0.01 0.1 0.05 -1 -1
0.01 0.1 0.05 -1 2
0.01 0.1 0.05 -1 5
0.01 0.1 0.05 -1 10
0.01 0.1 0.05 5 -1
0.01 0.1 0.05 5 2
0.01 0.1 0.05 5 5
0.01 0.1 0.05 5 10
0.01 0.1 0.05 15 -1
0.01 0.1 0.05 15 2
0.01 0.1 0.05 15 5
0.01 0.1 0.05 15 10
0.01 0.1 0.05 20 -1
0.01 0.1 0.05 20 2
0.01 0.1 0.05 20 5
0.01 0.1 0.05 20 10
0.01 0.1 0.01 -1 -1
0.01 0.1 0.01 -1 2
0.01 0.1 0.01 -1 5
0.01 0.1 0.01 -1 10
0.01 0.1 0.01 5 -1
0.01 0.1 0.01 5 2
0.01 0.1 0.01 5 5
0.01 0.1 0.01 5 10
0.01 0.1 0.01 15 -1
0.01 0.1 0.01 15 2
0.01 0.1 0.01 15 5
0.01 0.1 0.01 15 10
0.01 0.1 0.01 20 -1
0.01 0.1 0.01 20 2
0.01 0.1 0.01 20 5
0.01 0.1 0.01 20 10
0.01 0.1 0.05 -1 -1
0.01 0.1 0.05 -1 2
0.01 0.1 0.05 -1 5
0.01 0.1 0.05 -1 10
0.01 0.1 0.05 5 -1
0.01 0.1 0.05 5 2
0.01 0.1 0.05 5 5
0.01 0.1 0.05 5 10
0.01 0.1 0.05 15 -1
0.01 0.1 0.05 15 2
0.01 0.1 0.05 15 5
0.01 0.1 0.05 15 10
0.01 0.1 0.05 20 -1
0.01 0.1 0.05 20 2
0.01 0.1 0.05 20 5
0.01 0.1 0.05 20 10
0.01 0.1 0.09 -1 -1
0.01 0.1 0.09 -1 2
0.01 0.1 0.09 -1 5
0.01 0.1 0.09 -1 10
0.01 0.1 0.09 5 -1
0.01 0.1 0.09 5 2
0.01 0.1 0.09 5 5
0.01 0.1 0.09 5 10
0.01 0.1 0.09 15 -1
0.01 0.1 0.09 15 2
0.01 0.1 0.09 15 5
0.01 0.1 0.09 15 10
0.01 0.1 0.09 20 -1
0.01 0.1 0.09 20 2
0.01 0.1 0.09 20 5
0.01 0.1 0.09 20 10
0.01 0.1 0.15 -1 -1
0.01 0.1 0.15 -1 2
0.01 0.1 0.15 -1 5
0.01 0.1 0.15 -1 10
0.01 0.1 0.15 5 -1
0.01 0.1 0.15 5 2
0.01 0.1 0.15 5 5
0.01 0.1 0.15 5 10
0.01 0.1 0.15 15 -1
0.01 0.1 0.15 15 2
0.01 0.1 0.15 15 5
0.01 0.1 0.15 15 10
0.01 0.1 0.15 20 -1
0.01 0.1 0.15 20 2
0.01 0.1 0.15 20 5
0.01 0.1 0.15 20 10
0.01 0.2 -1 -1 -1
0.01 0.2 -1 -1 2
0.01 0.2 -1 -1 5
0.01 0.2 -1 -1 10
0.01 0.2 -1 5 -1
0.01 0.2 -1 5 2
0.01 0.2 -1 5 5
0.01 0.2 -1 5 10
0.01 0.2 -1 15 -1
0.01 0.2 -1 15 2
0.01 0.2 -1 15 5
0.01 0.2 -1 15 10
0.01 0.2 -1 20 -1
0.01 0.2 -1 20 2
0.01 0.2 -1 20 5
0.01 0.2 -1 20 10
0.01 0.2 0.05 -1 -1
0.01 0.2 0.05 -1 2
0.01 0.2 0.05 -1 5
0.01 0.2 0.05 -1 10
0.01 0.2 0.05 5 -1
0.01 0.2 0.05 5 2
0.01 0.2 0.05 5 5
0.01 0.2 0.05 5 10
0.01 0.2 0.05 15 -1
0.01 0.2 0.05 15 2
0.01 0.2 0.05 15 5
0.01 0.2 0.05 15 10
0.01 0.2 0.05 20 -1
0.01 0.2 0.05 20 2
0.01 0.2 0.05 20 5
0.01 0.2 0.05 20 10
0.01 0.2 0.01 -1 -1
0.01 0.2 0.01 -1 2
0.01 0.2 0.01 -1 5
0.01 0.2 0.01 -1 10
0.01 0.2 0.01 5 -1
0.01 0.2 0.01 5 2
0.01 0.2 0.01 5 5
0.01 0.2 0.01 5 10
0.01 0.2 0.01 15 -1
0.01 0.2 0.01 15 2
0.01 0.2 0.01 15 5
0.01 0.2 0.01 15 10
0.01 0.2 0.01 20 -1
0.01 0.2 0.01 20 2
0.01 0.2 0.01 20 5
0.01 0.2 0.01 20 10
0.01 0.2 0.05 -1 -1
0.01 0.2 0.05 -1 2
0.01 0.2 0.05 -1 5
0.01 0.2 0.05 -1 10
0.01 0.2 0.05 5 -1
0.01 0.2 0.05 5 2
0.01 0.2 0.05 5 5
0.01 0.2 0.05 5 10
0.01 0.2 0.05 15 -1
0.01 0.2 0.05 15 2
0.01 0.2 0.05 15 5
0.01 0.2 0.05 15 10
0.01 0.2 0.05 20 -1
0.01 0.2 0.05 20 2
0.01 0.2 0.05 20 5
0.01 0.2 0.05 20 10
0.01 0.2 0.09 -1 -1
0.01 0.2 0.09 -1 2
0.01 0.2 0.09 -1 5
0.01 0.2 0.09 -1 10
0.01 0.2 0.09 5 -1
0.01 0.2 0.09 5 2
0.01 0.2 0.09 5 5
0.01 0.2 0.09 5 10
0.01 0.2 0.09 15 -1
0.01 0.2 0.09 15 2
0.01 0.2 0.09 15 5
0.01 0.2 0.09 15 10
0.01 0.2 0.09 20 -1
0.01 0.2 0.09 20 2
0.01 0.2 0.09 20 5
0.01 0.2 0.09 20 10
0.01 0.2 0.15 -1 -1
0.01 0.2 0.15 -1 2
0.01 0.2 0.15 -1 5
0.01 0.2 0.15 -1 10
0.01 0.2 0.15 5 -1
0.01 0.2 0.15 5 2
0.01 0.2 0.15 5 5
0.01 0.2 0.15 5 10
0.01 0.2 0.15 15 -1
0.01 0.2 0.15 15 2
0.01 0.2 0.15 15 5
0.01 0.2 0.15 15 10
0.01 0.2 0.15 20 -1
0.01 0.2 0.15 20 2
0.01 0.2 0.15 20 5
0.01 0.2 0.15 20 10
0.03 -1 -1 -1 -1
0.03 -1 -1 -1 2
0.03 -1 -1 -1 5
0.03 -1 -1 -1 10
0.03 -1 -1 5 -1
0.03 -1 -1 5 2
0.03 -1 -1 5 5
0.03 -1 -1 5 10
0.03 -1 -1 15 -1
0.03 -1 -1 15 2
0.03 -1 -1 15 5
0.03 -1 -1 15 10
0.03 -1 -1 20 -1
0.03 -1 -1 20 2
0.03 -1 -1 20 5
0.03 -1 -1 20 10
0.03 -1 0.05 -1 -1
0.03 -1 0.05 -1 2
0.03 -1 0.05 -1 5
0.03 -1 0.05 -1 10
0.03 -1 0.05 5 -1
0.03 -1 0.05 5 2
0.03 -1 0.05 5 5
0.03 -1 0.05 5 10
0.03 -1 0.05 15 -1
0.03 -1 0.05 15 2
0.03 -1 0.05 15 5
0.03 -1 0.05 15 10
0.03 -1 0.05 20 -1
0.03 -1 0.05 20 2
0.03 -1 0.05 20 5
0.03 -1 0.05 20 10
0.03 -1 0.01 -1 -1
0.03 -1 0.01 -1 2
0.03 -1 0.01 -1 5
0.03 -1 0.01 -1 10
0.03 -1 0.01 5 -1
0.03 -1 0.01 5 2
0.03 -1 0.01 5 5
0.03 -1 0.01 5 10
0.03 -1 0.01 15 -1
0.03 -1 0.01 15 2
0.03 -1 0.01 15 5
0.03 -1 0.01 15 10
0.03 -1 0.01 20 -1
0.03 -1 0.01 20 2
0.03 -1 0.01 20 5
0.03 -1 0.01 20 10
0.03 -1 0.05 -1 -1
0.03 -1 0.05 -1 2
0.03 -1 0.05 -1 5
0.03 -1 0.05 -1 10
0.03 -1 0.05 5 -1
0.03 -1 0.05 5 2
0.03 -1 0.05 5 5
0.03 -1 0.05 5 10
0.03 -1 0.05 15 -1
0.03 -1 0.05 15 2
0.03 -1 0.05 15 5
0.03 -1 0.05 15 10
0.03 -1 0.05 20 -1
0.03 -1 0.05 20 2
0.03 -1 0.05 20 5
0.03 -1 0.05 20 10
0.03 -1 0.09 -1 -1
0.03 -1 0.09 -1 2
0.03 -1 0.09 -1 5
0.03 -1 0.09 -1 10
0.03 -1 0.09 5 -1
0.03 -1 0.09 5 2
0.03 -1 0.09 5 5
0.03 -1 0.09 5 10
0.03 -1 0.09 15 -1
0.03 -1 0.09 15 2
0.03 -1 0.09 15 5
0.03 -1 0.09 15 10
0.03 -1 0.09 20 -1
0.03 -1 0.09 20 2
0.03 -1 0.09 20 5
0.03 -1 0.09 20 10
0.03 -1 0.15 -1 -1
0.03 -1 0.15 -1 2
0.03 -1 0.15 -1 5
0.03 -1 0.15 -1 10
0.03 -1 0.15 5 -1
0.03 -1 0.15 5 2
0.03 -1 0.15 5 5
0.03 -1 0.15 5 10
0.03 -1 0.15 15 -1
0.03 -1 0.15 15 2
0.03 -1 0.15 15 5
0.03 -1 0.15 15 10
0.03 -1 0.15 20 -1
0.03 -1 0.15 20 2
0.03 -1 0.15 20 5
0.03 -1 0.15 20 10
0.03 0.03 -1 -1 -1
0.03 0.03 -1 -1 2
0.03 0.03 -1 -1 5
0.03 0.03 -1 -1 10
0.03 0.03 -1 5 -1
0.03 0.03 -1 5 2
0.03 0.03 -1 5 5
0.03 0.03 -1 5 10
0.03 0.03 -1 15 -1
0.03 0.03 -1 15 2
0.03 0.03 -1 15 5
0.03 0.03 -1 15 10
0.03 0.03 -1 20 -1
0.03 0.03 -1 20 2
0.03 0.03 -1 20 5
0.03 0.03 -1 20 10
0.03 0.03 0.05 -1 -1
0.03 0.03 0.05 -1 2
0.03 0.03 0.05 -1 5
0.03 0.03 0.05 -1 10
0.03 0.03 0.05 5 -1
0.03 0.03 0.05 5 2
0.03 0.03 0.05 5 5
0.03 0.03 0.05 5 10
0.03 0.03 0.05 15 -1
0.03 0.03 0.05 15 2
0.03 0.03 0.05 15 5
0.03 0.03 0.05 15 10
0.03 0.03 0.05 20 -1
0.03 0.03 0.05 20 2
0.03 0.03 0.05 20 5
0.03 0.03 0.05 20 10
0.03 0.03 0.01 -1 -1
0.03 0.03 0.01 -1 2
0.03 0.03 0.01 -1 5
0.03 0.03 0.01 -1 10
0.03 0.03 0.01 5 -1
0.03 0.03 0.01 5 2
0.03 0.03 0.01 5 5
0.03 0.03 0.01 5 10
0.03 0.03 0.01 15 -1
0.03 0.03 0.01 15 2
0.03 0.03 0.01 15 5
0.03 0.03 0.01 15 10
0.03 0.03 0.01 20 -1
0.03 0.03 0.01 20 2
0.03 0.03 0.01 20 5
0.03 0.03 0.01 20 10
0.03 0.03 0.05 -1 -1
0.03 0.03 0.05 -1 2
0.03 0.03 0.05 -1 5
0.03 0.03 0.05 -1 10
0.03 0.03 0.05 5 -1
0.03 0.03 0.05 5 2
0.03 0.03 0.05 5 5
0.03 0.03 0.05 5 10
0.03 0.03 0.05 15 -1
0.03 0.03 0.05 15 2
0.03 0.03 0.05 15 5
0.03 0.03 0.05 15 10
0.03 0.03 0.05 20 -1
0.03 0.03 0.05 20 2
0.03 0.03 0.05 20 5
0.03 0.03 0.05 20 10
0.03 0.03 0.09 -1 -1
0.03 0.03 0.09 -1 2
0.03 0.03 0.09 -1 5
0.03 0.03 0.09 -1 10
0.03 0.03 0.09 5 -1
0.03 0.03 0.09 5 2
0.03 0.03 0.09 5 5
0.03 0.03 0.09 5 10
0.03 0.03 0.09 15 -1
0.03 0.03 0.09 15 2
0.03 0.03 0.09 15 5
0.03 0.03 0.09 15 10
0.03 0.03 0.09 20 -1
0.03 0.03 0.09 20 2
0.03 0.03 0.09 20 5
0.03 0.03 0.09 20 10
0.03 0.03 0.15 -1 -1
0.03 0.03 0.15 -1 2
0.03 0.03 0.15 -1 5
0.03 0.03 0.15 -1 10
0.03 0.03 0.15 5 -1
0.03 0.03 0.15 5 2
0.03 0.03 0.15 5 5
0.03 0.03 0.15 5 10
0.03 0.03 0.15 15 -1
0.03 0.03 0.15 15 2
0.03 0.03 0.15 15 5
0.03 0.03 0.15 15 10
0.03 0.03 0.15 20 -1
0.03 0.03 0.15 20 2
0.03 0.03 0.15 20 5
0.03 0.03 0.15 20 10
0.03 0.07 -1 -1 -1
0.03 0.07 -1 -1 2
0.03 0.07 -1 -1 5
0.03 0.07 -1 -1 10
0.03 0.07 -1 5 -1
0.03 0.07 -1 5 2
0.03 0.07 -1 5 5
0.03 0.07 -1 5 10
0.03 0.07 -1 15 -1
0.03 0.07 -1 15 2
0.03 0.07 -1 15 5
0.03 0.07 -1 15 10
0.03 0.07 -1 20 -1
0.03 0.07 -1 20 2
0.03 0.07 -1 20 5
0.03 0.07 -1 20 10
0.03 0.07 0.05 -1 -1
0.03 0.07 0.05 -1 2
0.03 0.07 0.05 -1 5
0.03 0.07 0.05 -1 10
0.03 0.07 0.05 5 -1
0.03 0.07 0.05 5 2
0.03 0.07 0.05 5 5
0.03 0.07 0.05 5 10
0.03 0.07 0.05 15 -1
0.03 0.07 0.05 15 2
0.03 0.07 0.05 15 5
0.03 0.07 0.05 15 10
0.03 0.07 0.05 20 -1
0.03 0.07 0.05 20 2
0.03 0.07 0.05 20 5
0.03 0.07 0.05 20 10
0.03 0.07 0.01 -1 -1
0.03 0.07 0.01 -1 2
0.03 0.07 0.01 -1 5
0.03 0.07 0.01 -1 10
0.03 0.07 0.01 5 -1
0.03 0.07 0.01 5 2
0.03 0.07 0.01 5 5
0.03 0.07 0.01 5 10
0.03 0.07 0.01 15 -1
0.03 0.07 0.01 15 2
0.03 0.07 0.01 15 5
0.03 0.07 0.01 15 10
0.03 0.07 0.01 20 -1
0.03 0.07 0.01 20 2
0.03 0.07 0.01 20 5
0.03 0.07 0.01 20 10
0.03 0.07 0.05 -1 -1
0.03 0.07 0.05 -1 2
0.03 0.07 0.05 -1 5
0.03 0.07 0.05 -1 10
0.03 0.07 0.05 5 -1
0.03 0.07 0.05 5 2
0.03 0.07 0.05 5 5
0.03 0.07 0.05 5 10
0.03 0.07 0.05 15 -1
0.03 0.07 0.05 15 2
0.03 0.07 0.05 15 5
0.03 0.07 0.05 15 10
0.03 0.07 0.05 20 -1
0.03 0.07 0.05 20 2
0.03 0.07 0.05 20 5
0.03 0.07 0.05 20 10
0.03 0.07 0.09 -1 -1
0.03 0.07 0.09 -1 2
0.03 0.07 0.09 -1 5
0.03 0.07 0.09 -1 10
0.03 0.07 0.09 5 -1
0.03 0.07 0.09 5 2
0.03 0.07 0.09 5 5
0.03 0.07 0.09 5 10
0.03 0.07 0.09 15 -1
0.03 0.07 0.09 15 2
0.03 0.07 0.09 15 5
0.03 0.07 0.09 15 10
0.03 0.07 0.09 20 -1
0.03 0.07 0.09 20 2
0.03 0.07 0.09 20 5
0.03 0.07 0.09 20 10
0.03 0.07 0.15 -1 -1
0.03 0.07 0.15 -1 2
0.03 0.07 0.15 -1 5
0.03 0.07 0.15 -1 10
0.03 0.07 0.15 5 -1
0.03 0.07 0.15 5 2
0.03 0.07 0.15 5 5
0.03 0.07 0.15 5 10
0.03 0.07 0.15 15 -1
0.03 0.07 0.15 15 2
0.03 0.07 0.15 15 5
0.03 0.07 0.15 15 10
0.03 0.07 0.15 20 -1
0.03 0.07 0.15 20 2
0.03 0.07 0.15 20 5
0.03 0.07 0.15 20 10
0.03 0.1 -1 -1 -1
0.03 0.1 -1 -1 2
0.03 0.1 -1 -1 5
0.03 0.1 -1 -1 10
0.03 0.1 -1 5 -1
0.03 0.1 -1 5 2
0.03 0.1 -1 5 5
0.03 0.1 -1 5 10
0.03 0.1 -1 15 -1
0.03 0.1 -1 15 2
0.03 0.1 -1 15 5
0.03 0.1 -1 15 10
0.03 0.1 -1 20 -1
0.03 0.1 -1 20 2
0.03 0.1 -1 20 5
0.03 0.1 -1 20 10
0.03 0.1 0.05 -1 -1
0.03 0.1 0.05 -1 2
0.03 0.1 0.05 -1 5
0.03 0.1 0.05 -1 10
0.03 0.1 0.05 5 -1
0.03 0.1 0.05 5 2
0.03 0.1 0.05 5 5
0.03 0.1 0.05 5 10
0.03 0.1 0.05 15 -1
0.03 0.1 0.05 15 2
0.03 0.1 0.05 15 5
0.03 0.1 0.05 15 10
0.03 0.1 0.05 20 -1
0.03 0.1 0.05 20 2
0.03 0.1 0.05 20 5
0.03 0.1 0.05 20 10
0.03 0.1 0.01 -1 -1
0.03 0.1 0.01 -1 2
0.03 0.1 0.01 -1 5
0.03 0.1 0.01 -1 10
0.03 0.1 0.01 5 -1
0.03 0.1 0.01 5 2
0.03 0.1 0.01 5 5
0.03 0.1 0.01 5 10
0.03 0.1 0.01 15 -1
0.03 0.1 0.01 15 2
0.03 0.1 0.01 15 5
0.03 0.1 0.01 15 10
0.03 0.1 0.01 20 -1
0.03 0.1 0.01 20 2
0.03 0.1 0.01 20 5
0.03 0.1 0.01 20 10
0.03 0.1 0.05 -1 -1
0.03 0.1 0.05 -1 2
0.03 0.1 0.05 -1 5
0.03 0.1 0.05 -1 10
0.03 0.1 0.05 5 -1
0.03 0.1 0.05 5 2
0.03 0.1 0.05 5 5
0.03 0.1 0.05 5 10
0.03 0.1 0.05 15 -1
0.03 0.1 0.05 15 2
0.03 0.1 0.05 15 5
0.03 0.1 0.05 15 10
0.03 0.1 0.05 20 -1
0.03 0.1 0.05 20 2
0.03 0.1 0.05 20 5
0.03 0.1 0.05 20 10
0.03 0.1 0.09 -1 -1
0.03 0.1 0.09 -1 2
0.03 0.1 0.09 -1 5
0.03 0.1 0.09 -1 10
0.03 0.1 0.09 5 -1
0.03 0.1 0.09 5 2
0.03 0.1 0.09 5 5
0.03 0.1 0.09 5 10
0.03 0.1 0.09 15 -1
0.03 0.1 0.09 15 2
0.03 0.1 0.09 15 5
0.03 0.1 0.09 15 10
0.03 0.1 0.09 20 -1
0.03 0.1 0.09 20 2
0.03 0.1 0.09 20 5
0.03 0.1 0.09 20 10
0.03 0.1 0.15 -1 -1
0.03 0.1 0.15 -1 2
0.03 0.1 0.15 -1 5
0.03 0.1 0.15 -1 10
0.03 0.1 0.15 5 -1
0.03 0.1 0.15 5 2
0.03 0.1 0.15 5 5
0.03 0.1 0.15 5 10
0.03 0.1 0.15 15 -1
0.03 0.1 0.15 15 2
0.03 0.1 0.15 15 5
0.03 0.1 0.15 15 10
0.03 0.1 0.15 20 -1
0.03 0.1 0.15 20 2
0.03 0.1 0.15 20 5
0.03 0.1 0.15 20 10
0.03 0.2 -1 -1 -1
0.03 0.2 -1 -1 2
0.03 0.2 -1 -1 5
0.03 0.2 -1 -1 10
0.03 0.2 -1 5 -1
0.03 0.2 -1 5 2
0.03 0.2 -1 5 5
0.03 0.2 -1 5 10
0.03 0.2 -1 15 -1
0.03 0.2 -1 15 2
0.03 0.2 -1 15 5
0.03 0.2 -1 15 10
0.03 0.2 -1 20 -1
0.03 0.2 -1 20 2
0.03 0.2 -1 20 5
0.03 0.2 -1 20 10
0.03 0.2 0.05 -1 -1
0.03 0.2 0.05 -1 2
0.03 0.2 0.05 -1 5
0.03 0.2 0.05 -1 10
0.03 0.2 0.05 5 -1
0.03 0.2 0.05 5 2
0.03 0.2 0.05 5 5
0.03 0.2 0.05 5 10
0.03 0.2 0.05 15 -1
0.03 0.2 0.05 15 2
0.03 0.2 0.05 15 5
0.03 0.2 0.05 15 10
0.03 0.2 0.05 20 -1
0.03 0.2 0.05 20 2
0.03 0.2 0.05 20 5
0.03 0.2 0.05 20 10
0.03 0.2 0.01 -1 -1
0.03 0.2 0.01 -1 2
0.03 0.2 0.01 -1 5
0.03 0.2 0.01 -1 10
0.03 0.2 0.01 5 -1
0.03 0.2 0.01 5 2
0.03 0.2 0.01 5 5
0.03 0.2 0.01 5 10
0.03 0.2 0.01 15 -1
0.03 0.2 0.01 15 2
0.03 0.2 0.01 15 5
0.03 0.2 0.01 15 10
0.03 0.2 0.01 20 -1
0.03 0.2 0.01 20 2
0.03 0.2 0.01 20 5
0.03 0.2 0.01 20 10
0.03 0.2 0.05 -1 -1
0.03 0.2 0.05 -1 2
0.03 0.2 0.05 -1 5
0.03 0.2 0.05 -1 10
0.03 0.2 0.05 5 -1
0.03 0.2 0.05 5 2
0.03 0.2 0.05 5 5
0.03 0.2 0.05 5 10
0.03 0.2 0.05 15 -1
0.03 0.2 0.05 15 2
0.03 0.2 0.05 15 5
0.03 0.2 0.05 15 10
0.03 0.2 0.05 20 -1
0.03 0.2 0.05 20 2
0.03 0.2 0.05 20 5
0.03 0.2 0.05 20 10
0.03 0.2 0.09 -1 -1
0.03 0.2 0.09 -1 2
0.03 0.2 0.09 -1 5
0.03 0.2 0.09 -1 10
0.03 0.2 0.09 5 -1
0.03 0.2 0.09 5 2
0.03 0.2 0.09 5 5
0.03 0.2 0.09 5 10
0.03 0.2 0.09 15 -1
0.03 0.2 0.09 15 2
0.03 0.2 0.09 15 5
0.03 0.2 0.09 15 10
0.03 0.2 0.09 20 -1
0.03 0.2 0.09 20 2
0.03 0.2 0.09 20 5
0.03 0.2 0.09 20 10
0.03 0.2 0.15 -1 -1
0.03 0.2 0.15 -1 2
0.03 0.2 0.15 -1 5
0.03 0.2 0.15 -1 10
0.03 0.2 0.15 5 -1
0.03 0.2 0.15 5 2
0.03 0.2 0.15 5 5
0.03 0.2 0.15 5 10
0.03 0.2 0.15 15 -1
0.03 0.2 0.15 15 2
0.03 0.2 0.15 15 5
0.03 0.2 0.15 15 10
0.03 0.2 0.15 20 -1
0.03 0.2 0.15 20 2
0.03 0.2 0.15 20 5
0.03 0.2 0.15 20 10
0.05 -1 -1 -1 -1
0.05 -1 -1 -1 2
0.05 -1 -1 -1 5
0.05 -1 -1 -1 10
0.05 -1 -1 5 -1
0.05 -1 -1 5 2
0.05 -1 -1 5 5
0.05 -1 -1 5 10
0.05 -1 -1 15 -1
0.05 -1 -1 15 2
0.05 -1 -1 15 5
0.05 -1 -1 15 10
0.05 -1 -1 20 -1
0.05 -1 -1 20 2
0.05 -1 -1 20 5
0.05 -1 -1 20 10
0.05 -1 0.05 -1 -1
0.05 -1 0.05 -1 2
0.05 -1 0.05 -1 5
0.05 -1 0.05 -1 10
0.05 -1 0.05 5 -1
0.05 -1 0.05 5 2
0.05 -1 0.05 5 5
0.05 -1 0.05 5 10
0.05 -1 0.05 15 -1
0.05 -1 0.05 15 2
0.05 -1 0.05 15 5
0.05 -1 0.05 15 10
0.05 -1 0.05 20 -1
0.05 -1 0.05 20 2
0.05 -1 0.05 20 5
0.05 -1 0.05 20 10
0.05 -1 0.01 -1 -1
0.05 -1 0.01 -1 2
0.05 -1 0.01 -1 5
0.05 -1 0.01 -1 10
0.05 -1 0.01 5 -1
0.05 -1 0.01 5 2
0.05 -1 0.01 5 5
0.05 -1 0.01 5 10
0.05 -1 0.01 15 -1
0.05 -1 0.01 15 2
0.05 -1 0.01 15 5
0.05 -1 0.01 15 10
0.05 -1 0.01 20 -1
0.05 -1 0.01 20 2
0.05 -1 0.01 20 5
0.05 -1 0.01 20 10
0.05 -1 0.05 -1 -1
0.05 -1 0.05 -1 2
0.05 -1 0.05 -1 5
0.05 -1 0.05 -1 10
0.05 -1 0.05 5 -1
0.05 -1 0.05 5 2
0.05 -1 0.05 5 5
0.05 -1 0.05 5 10
0.05 -1 0.05 15 -1
0.05 -1 0.05 15 2
0.05 -1 0.05 15 5
0.05 -1 0.05 15 10
0.05 -1 0.05 20 -1
0.05 -1 0.05 20 2
0.05 -1 0.05 20 5
0.05 -1 0.05 20 10
0.05 -1 0.09 -1 -1
0.05 -1 0.09 -1 2
0.05 -1 0.09 -1 5
0.05 -1 0.09 -1 10
0.05 -1 0.09 5 -1
0.05 -1 0.09 5 2
0.05 -1 0.09 5 5
0.05 -1 0.09 5 10
0.05 -1 0.09 15 -1
0.05 -1 0.09 15 2
0.05 -1 0.09 15 5
0.05 -1 0.09 15 10
0.05 -1 0.09 20 -1
0.05 -1 0.09 20 2
0.05 -1 0.09 20 5
0.05 -1 0.09 20 10
0.05 -1 0.15 -1 -1
0.05 -1 0.15 -1 2
0.05 -1 0.15 -1 5
0.05 -1 0.15 -1 10
0.05 -1 0.15 5 -1
0.05 -1 0.15 5 2
0.05 -1 0.15 5 5
0.05 -1 0.15 5 10
0.05 -1 0.15 15 -1
0.05 -1 0.15 15 2
0.05 -1 0.15 15 5
0.05 -1 0.15 15 10
0.05 -1 0.15 20 -1
0.05 -1 0.15 20 2
0.05 -1 0.15 20 5
0.05 -1 0.15 20 10
0.05 0.03 -1 -1 -1
0.05 0.03 -1 -1 2
0.05 0.03 -1 -1 5
0.05 0.03 -1 -1 10
0.05 0.03 -1 5 -1
0.05 0.03 -1 5 2
0.05 0.03 -1 5 5
0.05 0.03 -1 5 10
0.05 0.03 -1 15 -1
0.05 0.03 -1 15 2
0.05 0.03 -1 15 5
0.05 0.03 -1 15 10
0.05 0.03 -1 20 -1
0.05 0.03 -1 20 2
0.05 0.03 -1 20 5
0.05 0.03 -1 20 10
0.05 0.03 0.05 -1 -1
0.05 0.03 0.05 -1 2
0.05 0.03 0.05 -1 5
0.05 0.03 0.05 -1 10
0.05 0.03 0.05 5 -1
0.05 0.03 0.05 5 2
0.05 0.03 0.05 5 5
0.05 0.03 0.05 5 10
0.05 0.03 0.05 15 -1
0.05 0.03 0.05 15 2
0.05 0.03 0.05 15 5
0.05 0.03 0.05 15 10
0.05 0.03 0.05 20 -1
0.05 0.03 0.05 20 2
0.05 0.03 0.05 20 5
0.05 0.03 0.05 20 10
0.05 0.03 0.01 -1 -1
0.05 0.03 0.01 -1 2
0.05 0.03 0.01 -1 5
0.05 0.03 0.01 -1 10
0.05 0.03 0.01 5 -1
0.05 0.03 0.01 5 2
0.05 0.03 0.01 5 5
0.05 0.03 0.01 5 10
0.05 0.03 0.01 15 -1
0.05 0.03 0.01 15 2
0.05 0.03 0.01 15 5
0.05 0.03 0.01 15 10
0.05 0.03 0.01 20 -1
0.05 0.03 0.01 20 2
0.05 0.03 0.01 20 5
0.05 0.03 0.01 20 10
0.05 0.03 0.05 -1 -1
0.05 0.03 0.05 -1 2
0.05 0.03 0.05 -1 5
0.05 0.03 0.05 -1 10
0.05 0.03 0.05 5 -1
0.05 0.03 0.05 5 2
0.05 0.03 0.05 5 5
0.05 0.03 0.05 5 10
0.05 0.03 0.05 15 -1
0.05 0.03 0.05 15 2
0.05 0.03 0.05 15 5
0.05 0.03 0.05 15 10
0.05 0.03 0.05 20 -1
0.05 0.03 0.05 20 2
0.05 0.03 0.05 20 5
0.05 0.03 0.05 20 10
0.05 0.03 0.09 -1 -1
0.05 0.03 0.09 -1 2
0.05 0.03 0.09 -1 5
0.05 0.03 0.09 -1 10
0.05 0.03 0.09 5 -1
0.05 0.03 0.09 5 2
0.05 0.03 0.09 5 5
0.05 0.03 0.09 5 10
0.05 0.03 0.09 15 -1
0.05 0.03 0.09 15 2
0.05 0.03 0.09 15 5
0.05 0.03 0.09 15 10
0.05 0.03 0.09 20 -1
0.05 0.03 0.09 20 2
0.05 0.03 0.09 20 5
0.05 0.03 0.09 20 10
0.05 0.03 0.15 -1 -1
0.05 0.03 0.15 -1 2
0.05 0.03 0.15 -1 5
0.05 0.03 0.15 -1 10
0.05 0.03 0.15 5 -1
0.05 0.03 0.15 5 2
0.05 0.03 0.15 5 5
0.05 0.03 0.15 5 10
0.05 0.03 0.15 15 -1
0.05 0.03 0.15 15 2
0.05 0.03 0.15 15 5
0.05 0.03 0.15 15 10
0.05 0.03 0.15 20 -1
0.05 0.03 0.15 20 2
0.05 0.03 0.15 20 5
0.05 0.03 0.15 20 10
0.05 0.07 -1 -1 -1
0.05 0.07 -1 -1 2
0.05 0.07 -1 -1 5
0.05 0.07 -1 -1 10
0.05 0.07 -1 5 -1
0.05 0.07 -1 5 2
0.05 0.07 -1 5 5
0.05 0.07 -1 5 10
0.05 0.07 -1 15 -1
0.05 0.07 -1 15 2
0.05 0.07 -1 15 5
0.05 0.07 -1 15 10
0.05 0.07 -1 20 -1
0.05 0.07 -1 20 2
0.05 0.07 -1 20 5
0.05 0.07 -1 20 10
0.05 0.07 0.05 -1 -1
0.05 0.07 0.05 -1 2
0.05 0.07 0.05 -1 5
0.05 0.07 0.05 -1 10
0.05 0.07 0.05 5 -1
0.05 0.07 0.05 5 2
0.05 0.07 0.05 5 5
0.05 0.07 0.05 5 10
0.05 0.07 0.05 15 -1
0.05 0.07 0.05 15 2
0.05 0.07 0.05 15 5
0.05 0.07 0.05 15 10
0.05 0.07 0.05 20 -1
0.05 0.07 0.05 20 2
0.05 0.07 0.05 20 5
0.05 0.07 0.05 20 10
0.05 0.07 0.01 -1 -1
0.05 0.07 0.01 -1 2
0.05 0.07 0.01 -1 5
0.05 0.07 0.01 -1 10
0.05 0.07 0.01 5 -1
0.05 0.07 0.01 5 2
0.05 0.07 0.01 5 5
0.05 0.07 0.01 5 10
0.05 0.07 0.01 15 -1
0.05 0.07 0.01 15 2
0.05 0.07 0.01 15 5
0.05 0.07 0.01 15 10
0.05 0.07 0.01 20 -1
0.05 0.07 0.01 20 2
0.05 0.07 0.01 20 5
0.05 0.07 0.01 20 10
0.05 0.07 0.05 -1 -1
0.05 0.07 0.05 -1 2
0.05 0.07 0.05 -1 5
0.05 0.07 0.05 -1 10
0.05 0.07 0.05 5 -1
0.05 0.07 0.05 5 2
0.05 0.07 0.05 5 5
0.05 0.07 0.05 5 10
0.05 0.07 0.05 15 -1
0.05 0.07 0.05 15 2
0.05 0.07 0.05 15 5
0.05 0.07 0.05 15 10
0.05 0.07 0.05 20 -1
0.05 0.07 0.05 20 2
0.05 0.07 0.05 20 5
0.05 0.07 0.05 20 10
0.05 0.07 0.09 -1 -1
0.05 0.07 0.09 -1 2
0.05 0.07 0.09 -1 5
0.05 0.07 0.09 -1 10
0.05 0.07 0.09 5 -1
0.05 0.07 0.09 5 2
0.05 0.07 0.09 5 5
0.05 0.07 0.09 5 10
0.05 0.07 0.09 15 -1
0.05 0.07 0.09 15 2
0.05 0.07 0.09 15 5
0.05 0.07 0.09 15 10
0.05 0.07 0.09 20 -1
0.05 0.07 0.09 20 2
0.05 0.07 0.09 20 5
0.05 0.07 0.09 20 10
0.05 0.07 0.15 -1 -1
0.05 0.07 0.15 -1 2
0.05 0.07 0.15 -1 5
0.05 0.07 0.15 -1 10
0.05 0.07 0.15 5 -1
0.05 0.07 0.15 5 2
0.05 0.07 0.15 5 5
0.05 0.07 0.15 5 10
0.05 0.07 0.15 15 -1
0.05 0.07 0.15 15 2
0.05 0.07 0.15 15 5
0.05 0.07 0.15 15 10
0.05 0.07 0.15 20 -1
0.05 0.07 0.15 20 2
0.05 0.07 0.15 20 5
0.05 0.07 0.15 20 10
0.05 0.1 -1 -1 -1
0.05 0.1 -1 -1 2
0.05 0.1 -1 -1 5
0.05 0.1 -1 -1 10
0.05 0.1 -1 5 -1
0.05 0.1 -1 5 2
0.05 0.1 -1 5 5
0.05 0.1 -1 5 10
0.05 0.1 -1 15 -1
0.05 0.1 -1 15 2
0.05 0.1 -1 15 5
0.05 0.1 -1 15 10
0.05 0.1 -1 20 -1
0.05 0.1 -1 20 2
0.05 0.1 -1 20 5
0.05 0.1 -1 20 10
0.05 0.1 0.05 -1 -1
0.05 0.1 0.05 -1 2
0.05 0.1 0.05 -1 5
0.05 0.1 0.05 -1 10
0.05 0.1 0.05 5 -1
0.05 0.1 0.05 5 2
0.05 0.1 0.05 5 5
0.05 0.1 0.05 5 10
0.05 0.1 0.05 15 -1
0.05 0.1 0.05 15 2
0.05 0.1 0.05 15 5
0.05 0.1 0.05 15 10
0.05 0.1 0.05 20 -1
0.05 0.1 0.05 20 2
0.05 0.1 0.05 20 5
0.05 0.1 0.05 20 10
0.05 0.1 0.01 -1 -1
0.05 0.1 0.01 -1 2
0.05 0.1 0.01 -1 5
0.05 0.1 0.01 -1 10
0.05 0.1 0.01 5 -1
0.05 0.1 0.01 5 2
0.05 0.1 0.01 5 5
0.05 0.1 0.01 5 10
0.05 0.1 0.01 15 -1
0.05 0.1 0.01 15 2
0.05 0.1 0.01 15 5
0.05 0.1 0.01 15 10
0.05 0.1 0.01 20 -1
0.05 0.1 0.01 20 2
0.05 0.1 0.01 20 5
0.05 0.1 0.01 20 10
0.05 0.1 0.05 -1 -1
0.05 0.1 0.05 -1 2
0.05 0.1 0.05 -1 5
0.05 0.1 0.05 -1 10
0.05 0.1 0.05 5 -1
0.05 0.1 0.05 5 2
0.05 0.1 0.05 5 5
0.05 0.1 0.05 5 10
0.05 0.1 0.05 15 -1
0.05 0.1 0.05 15 2
0.05 0.1 0.05 15 5
0.05 0.1 0.05 15 10
0.05 0.1 0.05 20 -1
0.05 0.1 0.05 20 2
0.05 0.1 0.05 20 5
0.05 0.1 0.05 20 10
0.05 0.1 0.09 -1 -1
0.05 0.1 0.09 -1 2
0.05 0.1 0.09 -1 5
0.05 0.1 0.09 -1 10
0.05 0.1 0.09 5 -1
0.05 0.1 0.09 5 2
0.05 0.1 0.09 5 5
0.05 0.1 0.09 5 10
0.05 0.1 0.09 15 -1
0.05 0.1 0.09 15 2
0.05 0.1 0.09 15 5
0.05 0.1 0.09 15 10
0.05 0.1 0.09 20 -1
0.05 0.1 0.09 20 2
0.05 0.1 0.09 20 5
0.05 0.1 0.09 20 10
0.05 0.1 0.15 -1 -1
0.05 0.1 0.15 -1 2
0.05 0.1 0.15 -1 5
0.05 0.1 0.15 -1 10
0.05 0.1 0.15 5 -1
0.05 0.1 0.15 5 2
0.05 0.1 0.15 5 5
0.05 0.1 0.15 5 10
0.05 0.1 0.15 15 -1
0.05 0.1 0.15 15 2
0.05 0.1 0.15 15 5
0.05 0.1 0.15 15 10
0.05 0.1 0.15 20 -1
0.05 0.1 0.15 20 2
0.05 0.1 0.15 20 5
0.05 0.1 0.15 20 10
0.05 0.2 -1 -1 -1
0.05 0.2 -1 -1 2
0.05 0.2 -1 -1 5
0.05 0.2 -1 -1 10
0.05 0.2 -1 5 -1
0.05 0.2 -1 5 2
0.05 0.2 -1 5 5
0.05 0.2 -1 5 10
0.05 0.2 -1 15 -1
0.05 0.2 -1 15 2
0.05 0.2 -1 15 5
0.05 0.2 -1 15 10
0.05 0.2 -1 20 -1
0.05 0.2 -1 20 2
0.05 0.2 -1 20 5
0.05 0.2 -1 20 10
0.05 0.2 0.05 -1 -1
0.05 0.2 0.05 -1 2
0.05 0.2 0.05 -1 5
0.05 0.2 0.05 -1 10
0.05 0.2 0.05 5 -1
0.05 0.2 0.05 5 2
0.05 0.2 0.05 5 5
0.05 0.2 0.05 5 10
0.05 0.2 0.05 15 -1
0.05 0.2 0.05 15 2
0.05 0.2 0.05 15 5
0.05 0.2 0.05 15 10
0.05 0.2 0.05 20 -1
0.05 0.2 0.05 20 2
0.05 0.2 0.05 20 5
0.05 0.2 0.05 20 10
0.05 0.2 0.01 -1 -1
0.05 0.2 0.01 -1 2
0.05 0.2 0.01 -1 5
0.05 0.2 0.01 -1 10
0.05 0.2 0.01 5 -1
0.05 0.2 0.01 5 2
0.05 0.2 0.01 5 5
0.05 0.2 0.01 5 10
0.05 0.2 0.01 15 -1
0.05 0.2 0.01 15 2
0.05 0.2 0.01 15 5
0.05 0.2 0.01 15 10
0.05 0.2 0.01 20 -1
0.05 0.2 0.01 20 2
0.05 0.2 0.01 20 5
0.05 0.2 0.01 20 10
0.05 0.2 0.05 -1 -1
0.05 0.2 0.05 -1 2
0.05 0.2 0.05 -1 5
0.05 0.2 0.05 -1 10
0.05 0.2 0.05 5 -1
0.05 0.2 0.05 5 2
0.05 0.2 0.05 5 5
0.05 0.2 0.05 5 10
0.05 0.2 0.05 15 -1
0.05 0.2 0.05 15 2
0.05 0.2 0.05 15 5
0.05 0.2 0.05 15 10
0.05 0.2 0.05 20 -1
0.05 0.2 0.05 20 2
0.05 0.2 0.05 20 5
0.05 0.2 0.05 20 10
0.05 0.2 0.09 -1 -1
0.05 0.2 0.09 -1 2
0.05 0.2 0.09 -1 5
0.05 0.2 0.09 -1 10
0.05 0.2 0.09 5 -1
0.05 0.2 0.09 5 2
0.05 0.2 0.09 5 5
0.05 0.2 0.09 5 10
0.05 0.2 0.09 15 -1
0.05 0.2 0.09 15 2
0.05 0.2 0.09 15 5
0.05 0.2 0.09 15 10
0.05 0.2 0.09 20 -1
0.05 0.2 0.09 20 2
0.05 0.2 0.09 20 5
0.05 0.2 0.09 20 10
0.05 0.2 0.15 -1 -1
0.05 0.2 0.15 -1 2
0.05 0.2 0.15 -1 5
0.05 0.2 0.15 -1 10
0.05 0.2 0.15 5 -1
0.05 0.2 0.15 5 2
0.05 0.2 0.15 5 5
0.05 0.2 0.15 5 10
0.05 0.2 0.15 15 -1
0.05 0.2 0.15 15 2
0.05 0.2 0.15 15 5
0.05 0.2 0.15 15 10
0.05 0.2 0.15 20 -1
0.05 0.2 0.15 20 2
0.05 0.2 0.15 20 5
0.05 0.2 0.15 20 10
0.07 -1 -1 -1 -1
0.07 -1 -1 -1 2
0.07 -1 -1 -1 5
0.07 -1 -1 -1 10
0.07 -1 -1 5 -1
0.07 -1 -1 5 2
0.07 -1 -1 5 5
0.07 -1 -1 5 10
0.07 -1 -1 15 -1
0.07 -1 -1 15 2
0.07 -1 -1 15 5
0.07 -1 -1 15 10
0.07 -1 -1 20 -1
0.07 -1 -1 20 2
0.07 -1 -1 20 5
0.07 -1 -1 20 10
0.07 -1 0.05 -1 -1
0.07 -1 0.05 -1 2
0.07 -1 0.05 -1 5
0.07 -1 0.05 -1 10
0.07 -1 0.05 5 -1
0.07 -1 0.05 5 2
0.07 -1 0.05 5 5
0.07 -1 0.05 5 10
0.07 -1 0.05 15 -1
0.07 -1 0.05 15 2
0.07 -1 0.05 15 5
0.07 -1 0.05 15 10
0.07 -1 0.05 20 -1
0.07 -1 0.05 20 2
0.07 -1 0.05 20 5
0.07 -1 0.05 20 10
0.07 -1 0.01 -1 -1
0.07 -1 0.01 -1 2
0.07 -1 0.01 -1 5
0.07 -1 0.01 -1 10
0.07 -1 0.01 5 -1
0.07 -1 0.01 5 2
0.07 -1 0.01 5 5
0.07 -1 0.01 5 10
0.07 -1 0.01 15 -1
0.07 -1 0.01 15 2
0.07 -1 0.01 15 5
0.07 -1 0.01 15 10
0.07 -1 0.01 20 -1
0.07 -1 0.01 20 2
0.07 -1 0.01 20 5
0.07 -1 0.01 20 10
0.07 -1 0.05 -1 -1
0.07 -1 0.05 -1 2
0.07 -1 0.05 -1 5
0.07 -1 0.05 -1 10
0.07 -1 0.05 5 -1
0.07 -1 0.05 5 2
0.07 -1 0.05 5 5
0.07 -1 0.05 5 10
0.07 -1 0.05 15 -1
0.07 -1 0.05 15 2
0.07 -1 0.05 15 5
0.07 -1 0.05 15 10
0.07 -1 0.05 20 -1
0.07 -1 0.05 20 2
0.07 -1 0.05 20 5
0.07 -1 0.05 20 10
0.07 -1 0.09 -1 -1
0.07 -1 0.09 -1 2
0.07 -1 0.09 -1 5
0.07 -1 0.09 -1 10
0.07 -1 0.09 5 -1
0.07 -1 0.09 5 2
0.07 -1 0.09 5 5
0.07 -1 0.09 5 10
0.07 -1 0.09 15 -1
0.07 -1 0.09 15 2
0.07 -1 0.09 15 5
0.07 -1 0.09 15 10
0.07 -1 0.09 20 -1
0.07 -1 0.09 20 2
0.07 -1 0.09 20 5
0.07 -1 0.09 20 10
0.07 -1 0.15 -1 -1
0.07 -1 0.15 -1 2
0.07 -1 0.15 -1 5
0.07 -1 0.15 -1 10
0.07 -1 0.15 5 -1
0.07 -1 0.15 5 2
0.07 -1 0.15 5 5
0.07 -1 0.15 5 10
0.07 -1 0.15 15 -1
0.07 -1 0.15 15 2
0.07 -1 0.15 15 5
0.07 -1 0.15 15 10
0.07 -1 0.15 20 -1
0.07 -1 0.15 20 2
0.07 -1 0.15 20 5
0.07 -1 0.15 20 10
0.07 0.03 -1 -1 -1
0.07 0.03 -1 -1 2
0.07 0.03 -1 -1 5
0.07 0.03 -1 -1 10
0.07 0.03 -1 5 -1
0.07 0.03 -1 5 2
0.07 0.03 -1 5 5
0.07 0.03 -1 5 10
0.07 0.03 -1 15 -1
0.07 0.03 -1 15 2
0.07 0.03 -1 15 5
0.07 0.03 -1 15 10
0.07 0.03 -1 20 -1
0.07 0.03 -1 20 2
0.07 0.03 -1 20 5
0.07 0.03 -1 20 10
0.07 0.03 0.05 -1 -1
0.07 0.03 0.05 -1 2
0.07 0.03 0.05 -1 5
0.07 0.03 0.05 -1 10
0.07 0.03 0.05 5 -1
0.07 0.03 0.05 5 2
0.07 0.03 0.05 5 5
0.07 0.03 0.05 5 10
0.07 0.03 0.05 15 -1
0.07 0.03 0.05 15 2
0.07 0.03 0.05 15 5
0.07 0.03 0.05 15 10
0.07 0.03 0.05 20 -1
0.07 0.03 0.05 20 2
0.07 0.03 0.05 20 5
0.07 0.03 0.05 20 10
0.07 0.03 0.01 -1 -1
0.07 0.03 0.01 -1 2
0.07 0.03 0.01 -1 5
0.07 0.03 0.01 -1 10
0.07 0.03 0.01 5 -1
0.07 0.03 0.01 5 2
0.07 0.03 0.01 5 5
0.07 0.03 0.01 5 10
0.07 0.03 0.01 15 -1
0.07 0.03 0.01 15 2
0.07 0.03 0.01 15 5
0.07 0.03 0.01 15 10
0.07 0.03 0.01 20 -1
0.07 0.03 0.01 20 2
0.07 0.03 0.01 20 5
0.07 0.03 0.01 20 10
0.07 0.03 0.05 -1 -1
0.07 0.03 0.05 -1 2
0.07 0.03 0.05 -1 5
0.07 0.03 0.05 -1 10
0.07 0.03 0.05 5 -1
0.07 0.03 0.05 5 2
0.07 0.03 0.05 5 5
0.07 0.03 0.05 5 10
0.07 0.03 0.05 15 -1
0.07 0.03 0.05 15 2
0.07 0.03 0.05 15 5
0.07 0.03 0.05 15 10
0.07 0.03 0.05 20 -1
0.07 0.03 0.05 20 2
0.07 0.03 0.05 20 5
0.07 0.03 0.05 20 10
0.07 0.03 0.09 -1 -1
0.07 0.03 0.09 -1 2
0.07 0.03 0.09 -1 5
0.07 0.03 0.09 -1 10
0.07 0.03 0.09 5 -1
0.07 0.03 0.09 5 2
0.07 0.03 0.09 5 5
0.07 0.03 0.09 5 10
0.07 0.03 0.09 15 -1
0.07 0.03 0.09 15 2
0.07 0.03 0.09 15 5
0.07 0.03 0.09 15 10
0.07 0.03 0.09 20 -1
0.07 0.03 0.09 20 2
0.07 0.03 0.09 20 5
0.07 0.03 0.09 20 10
0.07 0.03 0.15 -1 -1
0.07 0.03 0.15 -1 2
0.07 0.03 0.15 -1 5
0.07 0.03 0.15 -1 10
0.07 0.03 0.15 5 -1
0.07 0.03 0.15 5 2
0.07 0.03 0.15 5 5
0.07 0.03 0.15 5 10
0.07 0.03 0.15 15 -1
0.07 0.03 0.15 15 2
0.07 0.03 0.15 15 5
0.07 0.03 0.15 15 10
0.07 0.03 0.15 20 -1
0.07 0.03 0.15 20 2
0.07 0.03 0.15 20 5
0.07 0.03 0.15 20 10
0.07 0.07 -1 -1 -1
0.07 0.07 -1 -1 2
0.07 0.07 -1 -1 5
0.07 0.07 -1 -1 10
0.07 0.07 -1 5 -1
0.07 0.07 -1 5 2
0.07 0.07 -1 5 5
0.07 0.07 -1 5 10
0.07 0.07 -1 15 -1
0.07 0.07 -1 15 2
0.07 0.07 -1 15 5
0.07 0.07 -1 15 10
0.07 0.07 -1 20 -1
0.07 0.07 -1 20 2
0.07 0.07 -1 20 5
0.07 0.07 -1 20 10
0.07 0.07 0.05 -1 -1
0.07 0.07 0.05 -1 2
0.07 0.07 0.05 -1 5
0.07 0.07 0.05 -1 10
0.07 0.07 0.05 5 -1
0.07 0.07 0.05 5 2
0.07 0.07 0.05 5 5
0.07 0.07 0.05 5 10
0.07 0.07 0.05 15 -1
0.07 0.07 0.05 15 2
0.07 0.07 0.05 15 5
0.07 0.07 0.05 15 10
0.07 0.07 0.05 20 -1
0.07 0.07 0.05 20 2
0.07 0.07 0.05 20 5
0.07 0.07 0.05 20 10
0.07 0.07 0.01 -1 -1
0.07 0.07 0.01 -1 2
0.07 0.07 0.01 -1 5
0.07 0.07 0.01 -1 10
0.07 0.07 0.01 5 -1
0.07 0.07 0.01 5 2
0.07 0.07 0.01 5 5
0.07 0.07 0.01 5 10
0.07 0.07 0.01 15 -1
0.07 0.07 0.01 15 2
0.07 0.07 0.01 15 5
0.07 0.07 0.01 15 10
0.07 0.07 0.01 20 -1
0.07 0.07 0.01 20 2
0.07 0.07 0.01 20 5
0.07 0.07 0.01 20 10
0.07 0.07 0.05 -1 -1
0.07 0.07 0.05 -1 2
0.07 0.07 0.05 -1 5
0.07 0.07 0.05 -1 10
0.07 0.07 0.05 5 -1
0.07 0.07 0.05 5 2
0.07 0.07 0.05 5 5
0.07 0.07 0.05 5 10
0.07 0.07 0.05 15 -1
0.07 0.07 0.05 15 2
0.07 0.07 0.05 15 5
0.07 0.07 0.05 15 10
0.07 0.07 0.05 20 -1
0.07 0.07 0.05 20 2
0.07 0.07 0.05 20 5
0.07 0.07 0.05 20 10
0.07 0.07 0.09 -1 -1
0.07 0.07 0.09 -1 2
0.07 0.07 0.09 -1 5
0.07 0.07 0.09 -1 10
0.07 0.07 0.09 5 -1
0.07 0.07 0.09 5 2
0.07 0.07 0.09 5 5
0.07 0.07 0.09 5 10
0.07 0.07 0.09 15 -1
0.07 0.07 0.09 15 2
0.07 0.07 0.09 15 5
0.07 0.07 0.09 15 10
0.07 0.07 0.09 20 -1
0.07 0.07 0.09 20 2
0.07 0.07 0.09 20 5
0.07 0.07 0.09 20 10
0.07 0.07 0.15 -1 -1
0.07 0.07 0.15 -1 2
0.07 0.07 0.15 -1 5
0.07 0.07 0.15 -1 10
0.07 0.07 0.15 5 -1
0.07 0.07 0.15 5 2
0.07 0.07 0.15 5 5
0.07 0.07 0.15 5 10
0.07 0.07 0.15 15 -1
0.07 0.07 0.15 15 2
0.07 0.07 0.15 15 5
0.07 0.07 0.15 15 10
0.07 0.07 0.15 20 -1
0.07 0.07 0.15 20 2
0.07 0.07 0.15 20 5
0.07 0.07 0.15 20 10
0.07 0.1 -1 -1 -1
0.07 0.1 -1 -1 2
0.07 0.1 -1 -1 5
0.07 0.1 -1 -1 10
0.07 0.1 -1 5 -1
0.07 0.1 -1 5 2
0.07 0.1 -1 5 5
0.07 0.1 -1 5 10
0.07 0.1 -1 15 -1
0.07 0.1 -1 15 2
0.07 0.1 -1 15 5
0.07 0.1 -1 15 10
0.07 0.1 -1 20 -1
0.07 0.1 -1 20 2
0.07 0.1 -1 20 5
0.07 0.1 -1 20 10
0.07 0.1 0.05 -1 -1
0.07 0.1 0.05 -1 2
0.07 0.1 0.05 -1 5
0.07 0.1 0.05 -1 10
0.07 0.1 0.05 5 -1
0.07 0.1 0.05 5 2
0.07 0.1 0.05 5 5
0.07 0.1 0.05 5 10
0.07 0.1 0.05 15 -1
0.07 0.1 0.05 15 2
0.07 0.1 0.05 15 5
0.07 0.1 0.05 15 10
0.07 0.1 0.05 20 -1
0.07 0.1 0.05 20 2
0.07 0.1 0.05 20 5
0.07 0.1 0.05 20 10
0.07 0.1 0.01 -1 -1
0.07 0.1 0.01 -1 2
0.07 0.1 0.01 -1 5
0.07 0.1 0.01 -1 10
0.07 0.1 0.01 5 -1
0.07 0.1 0.01 5 2
0.07 0.1 0.01 5 5
0.07 0.1 0.01 5 10
0.07 0.1 0.01 15 -1
0.07 0.1 0.01 15 2
0.07 0.1 0.01 15 5
0.07 0.1 0.01 15 10
0.07 0.1 0.01 20 -1
0.07 0.1 0.01 20 2
0.07 0.1 0.01 20 5
0.07 0.1 0.01 20 10
0.07 0.1 0.05 -1 -1
0.07 0.1 0.05 -1 2
0.07 0.1 0.05 -1 5
0.07 0.1 0.05 -1 10
0.07 0.1 0.05 5 -1
0.07 0.1 0.05 5 2
0.07 0.1 0.05 5 5
0.07 0.1 0.05 5 10
0.07 0.1 0.05 15 -1
0.07 0.1 0.05 15 2
0.07 0.1 0.05 15 5
0.07 0.1 0.05 15 10
0.07 0.1 0.05 20 -1
0.07 0.1 0.05 20 2
0.07 0.1 0.05 20 5
0.07 0.1 0.05 20 10
0.07 0.1 0.09 -1 -1
0.07 0.1 0.09 -1 2
0.07 0.1 0.09 -1 5
0.07 0.1 0.09 -1 10
0.07 0.1 0.09 5 -1
0.07 0.1 0.09 5 2
0.07 0.1 0.09 5 5
0.07 0.1 0.09 5 10
0.07 0.1 0.09 15 -1
0.07 0.1 0.09 15 2
0.07 0.1 0.09 15 5
0.07 0.1 0.09 15 10
0.07 0.1 0.09 20 -1
0.07 0.1 0.09 20 2
0.07 0.1 0.09 20 5
0.07 0.1 0.09 20 10
0.07 0.1 0.15 -1 -1
0.07 0.1 0.15 -1 2
0.07 0.1 0.15 -1 5
0.07 0.1 0.15 -1 10
0.07 0.1 0.15 5 -1
0.07 0.1 0.15 5 2
0.07 0.1 0.15 5 5
0.07 0.1 0.15 5 10
0.07 0.1 0.15 15 -1
0.07 0.1 0.15 15 2
0.07 0.1 0.15 15 5
0.07 0.1 0.15 15 10
0.07 0.1 0.15 20 -1
0.07 0.1 0.15 20 2
0.07 0.1 0.15 20 5
0.07 0.1 0.15 20 10
0.07 0.2 -1 -1 -1
0.07 0.2 -1 -1 2
0.07 0.2 -1 -1 5
0.07 0.2 -1 -1 10
0.07 0.2 -1 5 -1
0.07 0.2 -1 5 2
0.07 0.2 -1 5 5
0.07 0.2 -1 5 10
0.07 0.2 -1 15 -1
0.07 0.2 -1 15 2
0.07 0.2 -1 15 5
0.07 0.2 -1 15 10
0.07 0.2 -1 20 -1
0.07 0.2 -1 20 2
0.07 0.2 -1 20 5
0.07 0.2 -1 20 10
0.07 0.2 0.05 -1 -1
0.07 0.2 0.05 -1 2
0.07 0.2 0.05 -1 5
0.07 0.2 0.05 -1 10
0.07 0.2 0.05 5 -1
0.07 0.2 0.05 5 2
0.07 0.2 0.05 5 5
0.07 0.2 0.05 5 10
0.07 0.2 0.05 15 -1
0.07 0.2 0.05 15 2
0.07 0.2 0.05 15 5
0.07 0.2 0.05 15 10
0.07 0.2 0.05 20 -1
0.07 0.2 0.05 20 2
0.07 0.2 0.05 20 5
0.07 0.2 0.05 20 10
0.07 0.2 0.01 -1 -1
0.07 0.2 0.01 -1 2
0.07 0.2 0.01 -1 5
0.07 0.2 0.01 -1 10
0.07 0.2 0.01 5 -1
0.07 0.2 0.01 5 2
0.07 0.2 0.01 5 5
0.07 0.2 0.01 5 10
0.07 0.2 0.01 15 -1
0.07 0.2 0.01 15 2
0.07 0.2 0.01 15 5
0.07 0.2 0.01 15 10
0.07 0.2 0.01 20 -1
0.07 0.2 0.01 20 2
0.07 0.2 0.01 20 5
0.07 0.2 0.01 20 10
0.07 0.2 0.05 -1 -1
0.07 0.2 0.05 -1 2
0.07 0.2 0.05 -1 5
0.07 0.2 0.05 -1 10
0.07 0.2 0.05 5 -1
0.07 0.2 0.05 5 2
0.07 0.2 0.05 5 5
0.07 0.2 0.05 5 10
0.07 0.2 0.05 15 -1
0.07 0.2 0.05 15 2
0.07 0.2 0.05 15 5
0.07 0.2 0.05 15 10
0.07 0.2 0.05 20 -1
0.07 0.2 0.05 20 2
0.07 0.2 0.05 20 5
0.07 0.2 0.05 20 10
0.07 0.2 0.09 -1 -1
0.07 0.2 0.09 -1 2
0.07 0.2 0.09 -1 5
0.07 0.2 0.09 -1 10
0.07 0.2 0.09 5 -1
0.07 0.2 0.09 5 2
0.07 0.2 0.09 5 5
0.07 0.2 0.09 5 10
0.07 0.2 0.09 15 -1
0.07 0.2 0.09 15 2
0.07 0.2 0.09 15 5
0.07 0.2 0.09 15 10
0.07 0.2 0.09 20 -1
0.07 0.2 0.09 20 2
0.07 0.2 0.09 20 5
0.07 0.2 0.09 20 10
0.07 0.2 0.15 -1 -1
0.07 0.2 0.15 -1 2
0.07 0.2 0.15 -1 5
0.07 0.2 0.15 -1 10
0.07 0.2 0.15 5 -1
0.07 0.2 0.15 5 2
0.07 0.2 0.15 5 5
0.07 0.2 0.15 5 10
0.07 0.2 0.15 15 -1
0.07 0.2 0.15 15 2
0.07 0.2 0.15 15 5
0.07 0.2 0.15 15 10
0.07 0.2 0.15 20 -1
0.07 0.2 0.15 20 2
0.07 0.2 0.15 20 5
0.07 0.2 0.15 20 10
0.11 -1 -1 -1 -1
0.11 -1 -1 -1 2
0.11 -1 -1 -1 5
0.11 -1 -1 -1 10
0.11 -1 -1 5 -1
0.11 -1 -1 5 2
0.11 -1 -1 5 5
0.11 -1 -1 5 10
0.11 -1 -1 15 -1
0.11 -1 -1 15 2
0.11 -1 -1 15 5
0.11 -1 -1 15 10
0.11 -1 -1 20 -1
0.11 -1 -1 20 2
0.11 -1 -1 20 5
0.11 -1 -1 20 10
0.11 -1 0.05 -1 -1
0.11 -1 0.05 -1 2
0.11 -1 0.05 -1 5
0.11 -1 0.05 -1 10
0.11 -1 0.05 5 -1
0.11 -1 0.05 5 2
0.11 -1 0.05 5 5
0.11 -1 0.05 5 10
0.11 -1 0.05 15 -1
0.11 -1 0.05 15 2
0.11 -1 0.05 15 5
0.11 -1 0.05 15 10
0.11 -1 0.05 20 -1
0.11 -1 0.05 20 2
0.11 -1 0.05 20 5
0.11 -1 0.05 20 10
0.11 -1 0.01 -1 -1
0.11 -1 0.01 -1 2
0.11 -1 0.01 -1 5
0.11 -1 0.01 -1 10
0.11 -1 0.01 5 -1
0.11 -1 0.01 5 2
0.11 -1 0.01 5 5
0.11 -1 0.01 5 10
0.11 -1 0.01 15 -1
0.11 -1 0.01 15 2
0.11 -1 0.01 15 5
0.11 -1 0.01 15 10
0.11 -1 0.01 20 -1
0.11 -1 0.01 20 2
0.11 -1 0.01 20 5
0.11 -1 0.01 20 10
0.11 -1 0.05 -1 -1
0.11 -1 0.05 -1 2
0.11 -1 0.05 -1 5
0.11 -1 0.05 -1 10
0.11 -1 0.05 5 -1
0.11 -1 0.05 5 2
0.11 -1 0.05 5 5
0.11 -1 0.05 5 10
0.11 -1 0.05 15 -1
0.11 -1 0.05 15 2
0.11 -1 0.05 15 5
0.11 -1 0.05 15 10
0.11 -1 0.05 20 -1
0.11 -1 0.05 20 2
0.11 -1 0.05 20 5
0.11 -1 0.05 20 10
0.11 -1 0.09 -1 -1
0.11 -1 0.09 -1 2
0.11 -1 0.09 -1 5
0.11 -1 0.09 -1 10
0.11 -1 0.09 5 -1
0.11 -1 0.09 5 2
0.11 -1 0.09 5 5
0.11 -1 0.09 5 10
0.11 -1 0.09 15 -1
0.11 -1 0.09 15 2
0.11 -1 0.09 15 5
0.11 -1 0.09 15 10
0.11 -1 0.09 20 -1
0.11 -1 0.09 20 2
0.11 -1 0.09 20 5
0.11 -1 0.09 20 10
0.11 -1 0.15 -1 -1
0.11 -1 0.15 -1 2
0.11 -1 0.15 -1 5
0.11 -1 0.15 -1 10
0.11 -1 0.15 5 -1
0.11 -1 0.15 5 2
0.11 -1 0.15 5 5
0.11 -1 0.15 5 10
0.11 -1 0.15 15 -1
0.11 -1 0.15 15 2
0.11 -1 0.15 15 5
0.11 -1 0.15 15 10
0.11 -1 0.15 20 -1
0.11 -1 0.15 20 2
0.11 -1 0.15 20 5
0.11 -1 0.15 20 10
0.11 0.03 -1 -1 -1
0.11 0.03 -1 -1 2
0.11 0.03 -1 -1 5
0.11 0.03 -1 -1 10
0.11 0.03 -1 5 -1
0.11 0.03 -1 5 2
0.11 0.03 -1 5 5
0.11 0.03 -1 5 10
0.11 0.03 -1 15 -1
0.11 0.03 -1 15 2
0.11 0.03 -1 15 5
0.11 0.03 -1 15 10
0.11 0.03 -1 20 -1
0.11 0.03 -1 20 2
0.11 0.03 -1 20 5
0.11 0.03 -1 20 10
0.11 0.03 0.05 -1 -1
0.11 0.03 0.05 -1 2
0.11 0.03 0.05 -1 5
0.11 0.03 0.05 -1 10
0.11 0.03 0.05 5 -1
0.11 0.03 0.05 5 2
0.11 0.03 0.05 5 5
0.11 0.03 0.05 5 10
0.11 0.03 0.05 15 -1
0.11 0.03 0.05 15 2
0.11 0.03 0.05 15 5
0.11 0.03 0.05 15 10
0.11 0.03 0.05 20 -1
0.11 0.03 0.05 20 2
0.11 0.03 0.05 20 5
0.11 0.03 0.05 20 10
0.11 0.03 0.01 -1 -1
0.11 0.03 0.01 -1 2
0.11 0.03 0.01 -1 5
0.11 0.03 0.01 -1 10
0.11 0.03 0.01 5 -1
0.11 0.03 0.01 5 2
0.11 0.03 0.01 5 5
0.11 0.03 0.01 5 10
0.11 0.03 0.01 15 -1
0.11 0.03 0.01 15 2
0.11 0.03 0.01 15 5
0.11 0.03 0.01 15 10
0.11 0.03 0.01 20 -1
0.11 0.03 0.01 20 2
0.11 0.03 0.01 20 5
0.11 0.03 0.01 20 10
0.11 0.03 0.05 -1 -1
0.11 0.03 0.05 -1 2
0.11 0.03 0.05 -1 5
0.11 0.03 0.05 -1 10
0.11 0.03 0.05 5 -1
0.11 0.03 0.05 5 2
0.11 0.03 0.05 5 5
0.11 0.03 0.05 5 10
0.11 0.03 0.05 15 -1
0.11 0.03 0.05 15 2
0.11 0.03 0.05 15 5
0.11 0.03 0.05 15 10
0.11 0.03 0.05 20 -1
0.11 0.03 0.05 20 2
0.11 0.03 0.05 20 5
0.11 0.03 0.05 20 10
0.11 0.03 0.09 -1 -1
0.11 0.03 0.09 -1 2
0.11 0.03 0.09 -1 5
0.11 0.03 0.09 -1 10
0.11 0.03 0.09 5 -1
0.11 0.03 0.09 5 2
0.11 0.03 0.09 5 5
0.11 0.03 0.09 5 10
0.11 0.03 0.09 15 -1
0.11 0.03 0.09 15 2
0.11 0.03 0.09 15 5
0.11 0.03 0.09 15 10
0.11 0.03 0.09 20 -1
0.11 0.03 0.09 20 2
0.11 0.03 0.09 20 5
0.11 0.03 0.09 20 10
0.11 0.03 0.15 -1 -1
0.11 0.03 0.15 -1 2
0.11 0.03 0.15 -1 5
0.11 0.03 0.15 -1 10
0.11 0.03 0.15 5 -1
0.11 0.03 0.15 5 2
0.11 0.03 0.15 5 5
0.11 0.03 0.15 5 10
0.11 0.03 0.15 15 -1
0.11 0.03 0.15 15 2
0.11 0.03 0.15 15 5
0.11 0.03 0.15 15 10
0.11 0.03 0.15 20 -1
0.11 0.03 0.15 20 2
0.11 0.03 0.15 20 5
0.11 0.03 0.15 20 10
0.11 0.07 -1 -1 -1
0.11 0.07 -1 -1 2
0.11 0.07 -1 -1 5
0.11 0.07 -1 -1 10
0.11 0.07 -1 5 -1
0.11 0.07 -1 5 2
0.11 0.07 -1 5 5
0.11 0.07 -1 5 10
0.11 0.07 -1 15 -1
0.11 0.07 -1 15 2
0.11 0.07 -1 15 5
0.11 0.07 -1 15 10
0.11 0.07 -1 20 -1
0.11 0.07 -1 20 2
0.11 0.07 -1 20 5
0.11 0.07 -1 20 10
0.11 0.07 0.05 -1 -1
0.11 0.07 0.05 -1 2
0.11 0.07 0.05 -1 5
0.11 0.07 0.05 -1 10
0.11 0.07 0.05 5 -1
0.11 0.07 0.05 5 2
0.11 0.07 0.05 5 5
0.11 0.07 0.05 5 10
0.11 0.07 0.05 15 -1
0.11 0.07 0.05 15 2
0.11 0.07 0.05 15 5
0.11 0.07 0.05 15 10
0.11 0.07 0.05 20 -1
0.11 0.07 0.05 20 2
0.11 0.07 0.05 20 5
0.11 0.07 0.05 20 10
0.11 0.07 0.01 -1 -1
0.11 0.07 0.01 -1 2
0.11 0.07 0.01 -1 5
0.11 0.07 0.01 -1 10
0.11 0.07 0.01 5 -1
0.11 0.07 0.01 5 2
0.11 0.07 0.01 5 5
0.11 0.07 0.01 5 10
0.11 0.07 0.01 15 -1
0.11 0.07 0.01 15 2
0.11 0.07 0.01 15 5
0.11 0.07 0.01 15 10
0.11 0.07 0.01 20 -1
0.11 0.07 0.01 20 2
0.11 0.07 0.01 20 5
0.11 0.07 0.01 20 10
0.11 0.07 0.05 -1 -1
0.11 0.07 0.05 -1 2
0.11 0.07 0.05 -1 5
0.11 0.07 0.05 -1 10
0.11 0.07 0.05 5 -1
0.11 0.07 0.05 5 2
0.11 0.07 0.05 5 5
0.11 0.07 0.05 5 10
0.11 0.07 0.05 15 -1
0.11 0.07 0.05 15 2
0.11 0.07 0.05 15 5
0.11 0.07 0.05 15 10
0.11 0.07 0.05 20 -1
0.11 0.07 0.05 20 2
0.11 0.07 0.05 20 5
0.11 0.07 0.05 20 10
0.11 0.07 0.09 -1 -1
0.11 0.07 0.09 -1 2
0.11 0.07 0.09 -1 5
0.11 0.07 0.09 -1 10
0.11 0.07 0.09 5 -1
0.11 0.07 0.09 5 2
0.11 0.07 0.09 5 5
0.11 0.07 0.09 5 10
0.11 0.07 0.09 15 -1
0.11 0.07 0.09 15 2
0.11 0.07 0.09 15 5
0.11 0.07 0.09 15 10
0.11 0.07 0.09 20 -1
0.11 0.07 0.09 20 2
0.11 0.07 0.09 20 5
0.11 0.07 0.09 20 10
0.11 0.07 0.15 -1 -1
0.11 0.07 0.15 -1 2
0.11 0.07 0.15 -1 5
0.11 0.07 0.15 -1 10
0.11 0.07 0.15 5 -1
0.11 0.07 0.15 5 2
0.11 0.07 0.15 5 5
0.11 0.07 0.15 5 10
0.11 0.07 0.15 15 -1
0.11 0.07 0.15 15 2
0.11 0.07 0.15 15 5
0.11 0.07 0.15 15 10
0.11 0.07 0.15 20 -1
0.11 0.07 0.15 20 2
0.11 0.07 0.15 20 5
0.11 0.07 0.15 20 10
0.11 0.1 -1 -1 -1
0.11 0.1 -1 -1 2
0.11 0.1 -1 -1 5
0.11 0.1 -1 -1 10
0.11 0.1 -1 5 -1
0.11 0.1 -1 5 2
0.11 0.1 -1 5 5
0.11 0.1 -1 5 10
0.11 0.1 -1 15 -1
0.11 0.1 -1 15 2
0.11 0.1 -1 15 5
0.11 0.1 -1 15 10
0.11 0.1 -1 20 -1
0.11 0.1 -1 20 2
0.11 0.1 -1 20 5
0.11 0.1 -1 20 10
0.11 0.1 0.05 -1 -1
0.11 0.1 0.05 -1 2
0.11 0.1 0.05 -1 5
0.11 0.1 0.05 -1 10
0.11 0.1 0.05 5 -1
0.11 0.1 0.05 5 2
0.11 0.1 0.05 5 5
0.11 0.1 0.05 5 10
0.11 0.1 0.05 15 -1
0.11 0.1 0.05 15 2
0.11 0.1 0.05 15 5
0.11 0.1 0.05 15 10
0.11 0.1 0.05 20 -1
0.11 0.1 0.05 20 2
0.11 0.1 0.05 20 5
0.11 0.1 0.05 20 10
0.11 0.1 0.01 -1 -1
0.11 0.1 0.01 -1 2
0.11 0.1 0.01 -1 5
0.11 0.1 0.01 -1 10
0.11 0.1 0.01 5 -1
0.11 0.1 0.01 5 2
0.11 0.1 0.01 5 5
0.11 0.1 0.01 5 10
0.11 0.1 0.01 15 -1
0.11 0.1 0.01 15 2
0.11 0.1 0.01 15 5
0.11 0.1 0.01 15 10
0.11 0.1 0.01 20 -1
0.11 0.1 0.01 20 2
0.11 0.1 0.01 20 5
0.11 0.1 0.01 20 10
0.11 0.1 0.05 -1 -1
0.11 0.1 0.05 -1 2
0.11 0.1 0.05 -1 5
0.11 0.1 0.05 -1 10
0.11 0.1 0.05 5 -1
0.11 0.1 0.05 5 2
0.11 0.1 0.05 5 5
0.11 0.1 0.05 5 10
0.11 0.1 0.05 15 -1
0.11 0.1 0.05 15 2
0.11 0.1 0.05 15 5
0.11 0.1 0.05 15 10
0.11 0.1 0.05 20 -1
0.11 0.1 0.05 20 2
0.11 0.1 0.05 20 5
0.11 0.1 0.05 20 10
0.11 0.1 0.09 -1 -1
0.11 0.1 0.09 -1 2
0.11 0.1 0.09 -1 5
0.11 0.1 0.09 -1 10
0.11 0.1 0.09 5 -1
0.11 0.1 0.09 5 2
0.11 0.1 0.09 5 5
0.11 0.1 0.09 5 10
0.11 0.1 0.09 15 -1
0.11 0.1 0.09 15 2
0.11 0.1 0.09 15 5
0.11 0.1 0.09 15 10
0.11 0.1 0.09 20 -1
0.11 0.1 0.09 20 2
0.11 0.1 0.09 20 5
0.11 0.1 0.09 20 10
0.11 0.1 0.15 -1 -1
0.11 0.1 0.15 -1 2
0.11 0.1 0.15 -1 5
0.11 0.1 0.15 -1 10
0.11 0.1 0.15 5 -1
0.11 0.1 0.15 5 2
0.11 0.1 0.15 5 5
0.11 0.1 0.15 5 10
0.11 0.1 0.15 15 -1
0.11 0.1 0.15 15 2
0.11 0.1 0.15 15 5
0.11 0.1 0.15 15 10
0.11 0.1 0.15 20 -1
0.11 0.1 0.15 20 2
0.11 0.1 0.15 20 5
0.11 0.1 0.15 20 10
0.11 0.2 -1 -1 -1
0.11 0.2 -1 -1 2
0.11 0.2 -1 -1 5
0.11 0.2 -1 -1 10
0.11 0.2 -1 5 -1
0.11 0.2 -1 5 2
0.11 0.2 -1 5 5
0.11 0.2 -1 5 10
0.11 0.2 -1 15 -1
0.11 0.2 -1 15 2
0.11 0.2 -1 15 5
0.11 0.2 -1 15 10
0.11 0.2 -1 20 -1
0.11 0.2 -1 20 2
0.11 0.2 -1 20 5
0.11 0.2 -1 20 10
0.11 0.2 0.05 -1 -1
0.11 0.2 0.05 -1 2
0.11 0.2 0.05 -1 5
0.11 0.2 0.05 -1 10
0.11 0.2 0.05 5 -1
0.11 0.2 0.05 5 2
0.11 0.2 0.05 5 5
0.11 0.2 0.05 5 10
0.11 0.2 0.05 15 -1
0.11 0.2 0.05 15 2
0.11 0.2 0.05 15 5
0.11 0.2 0.05 15 10
0.11 0.2 0.05 20 -1
0.11 0.2 0.05 20 2
0.11 0.2 0.05 20 5
0.11 0.2 0.05 20 10
0.11 0.2 0.01 -1 -1
0.11 0.2 0.01 -1 2
0.11 0.2 0.01 -1 5
0.11 0.2 0.01 -1 10
0.11 0.2 0.01 5 -1
0.11 0.2 0.01 5 2
0.11 0.2 0.01 5 5
0.11 0.2 0.01 5 10
0.11 0.2 0.01 15 -1
0.11 0.2 0.01 15 2
0.11 0.2 0.01 15 5
0.11 0.2 0.01 15 10
0.11 0.2 0.01 20 -1
0.11 0.2 0.01 20 2
0.11 0.2 0.01 20 5
0.11 0.2 0.01 20 10
0.11 0.2 0.05 -1 -1
0.11 0.2 0.05 -1 2
0.11 0.2 0.05 -1 5
0.11 0.2 0.05 -1 10
0.11 0.2 0.05 5 -1
0.11 0.2 0.05 5 2
0.11 0.2 0.05 5 5
0.11 0.2 0.05 5 10
0.11 0.2 0.05 15 -1
0.11 0.2 0.05 15 2
0.11 0.2 0.05 15 5
0.11 0.2 0.05 15 10
0.11 0.2 0.05 20 -1
0.11 0.2 0.05 20 2
0.11 0.2 0.05 20 5
0.11 0.2 0.05 20 10
0.11 0.2 0.09 -1 -1
0.11 0.2 0.09 -1 2
0.11 0.2 0.09 -1 5
0.11 0.2 0.09 -1 10
0.11 0.2 0.09 5 -1
0.11 0.2 0.09 5 2
0.11 0.2 0.09 5 5
0.11 0.2 0.09 5 10
0.11 0.2 0.09 15 -1
0.11 0.2 0.09 15 2
0.11 0.2 0.09 15 5
0.11 0.2 0.09 15 10
0.11 0.2 0.09 20 -1
0.11 0.2 0.09 20 2
0.11 0.2 0.09 20 5
0.11 0.2 0.09 20 10
0.11 0.2 0.15 -1 -1
0.11 0.2 0.15 -1 2
0.11 0.2 0.15 -1 5
0.11 0.2 0.15 -1 10
0.11 0.2 0.15 5 -1
0.11 0.2 0.15 5 2
0.11 0.2 0.15 5 5
0.11 0.2 0.15 5 10
0.11 0.2 0.15 15 -1
0.11 0.2 0.15 15 2
0.11 0.2 0.15 15 5
0.11 0.2 0.15 15 10
0.11 0.2 0.15 20 -1
0.11 0.2 0.15 20 2
0.11 0.2 0.15 20 5
0.11 0.2 0.15 20 10