s 1.0 0.0 0.0 0.0
m 1.0 0.0 0.0 0.0
s 0.75 0.25 0.0 0.0
m 0.75 0.25 0.0 0.0
s 0.75 0.0 0.25 0.0
m 0.75 0.0 0.25 0.0
s 0.75 0.0 0.0 0.25
m 0.75 0.0 0.0 0.25
s 0.5 0.5 0.0 0.0
m 0.5 0.5 0.0 0.0
s 0.5 0.25 0.25 0.0
m 0.5 0.25 0.25 0.0
s 0.5 0.25 0.0 0.25
m 0.5 0.25 0.0 0.25
s 0.5 0.0 0.5 0.0
m 0.5 0.0 0.5 0.0
s 0.5 0.0 0.25 0.25
m 0.5 0.0 0.25 0.25
s 0.5 0.0 0.0 0.5
m 0.5 0.0 0.0 0.5
s 0.25 0.75 0.0 0.0
m 0.25 0.75 0.0 0.0
s 0.25 0.5 0.25 0.0
m 0.25 0.5 0.25 0.0
s 0.25 0.5 0.0 0.25
m 0.25 0.5 0.0 0.25
s 0.25 0.25 0.5 0.0
m 0.25 0.25 0.5 0.0
s 0.25 0.25 0.25 0.25
m 0.25 0.25 0.25 0.25
s 0.25 0.25 0.0 0.5
m 0.25 0.25 0.0 0.5
s 0.25 0.0 0.75 0.0
m 0.25 0.0 0.75 0.0
s 0.25 0.0 0.5 0.25
m 0.25 0.0 0.5 0.25
s 0.25 0.0 0.25 0.5
m 0.25 0.0 0.25 0.5
s 0.25 0.0 0.0 0.75
m 0.25 0.0 0.0 0.75
s 0.0 1.0 0.0 0.0
m 0.0 1.0 0.0 0.0
s 0.0 0.75 0.25 0.0
m 0.0 0.75 0.25 0.0
s 0.0 0.75 0.0 0.25
m 0.0 0.75 0.0 0.25
s 0.0 0.5 0.5 0.0
m 0.0 0.5 0.5 0.0
s 0.0 0.5 0.25 0.25
m 0.0 0.5 0.25 0.25
s 0.0 0.5 0.0 0.5
m 0.0 0.5 0.0 0.5
s 0.0 0.25 0.75 0.0
m 0.0 0.25 0.75 0.0
s 0.0 0.25 0.5 0.25
m 0.0 0.25 0.5 0.25
s 0.0 0.25 0.25 0.5
m 0.0 0.25 0.25 0.5
s 0.0 0.25 0.0 0.75
m 0.0 0.25 0.0 0.75
s 0.0 0.0 1.0 0.0
m 0.0 0.0 1.0 0.0
s 0.0 0.0 0.75 0.25
m 0.0 0.0 0.75 0.25
s 0.0 0.0 0.5 0.5
m 0.0 0.0 0.5 0.5
s 0.0 0.0 0.25 0.75
m 0.0 0.0 0.25 0.75
s 0.0 0.0 0.0 1.0
m 0.0 0.0 0.0 1.0